args_parsing,module_init,preopen,landlock,running,args_parsing_c,module_init_c,preopen_c,landlock_c,running_c
71,1166,9,20,42551,71,1237,1246,1266,43817
51,789,7,14,36854,51,840,847,861,37715
62,799,4,11,36214,62,861,865,876,37090
54,780,4,11,36215,54,834,838,849,37064
76,1089,8,16,38598,76,1165,1173,1189,39787
48,782,5,11,38149,48,830,835,846,38995
56,777,5,10,36162,56,833,838,848,37010
62,774,5,10,37166,62,836,841,851,38017
62,779,4,15,36921,62,841,845,860,37781
56,799,5,11,37511,56,855,860,871,38382
48,814,7,13,37399,48,862,869,882,38281
54,775,5,10,36112,54,829,834,844,36956
50,780,5,11,36633,50,830,835,846,37479
62,782,5,11,36723,62,844,849,860,37583
62,782,5,13,36747,62,844,849,862,37609
53,780,4,11,37492,53,833,837,848,38340
56,772,4,11,36959,56,828,832,843,37802
52,788,5,10,36654,52,840,845,855,37509
50,782,5,11,36574,50,832,837,848,37422
58,784,4,11,37331,58,842,846,857,38188
75,845,5,12,37598,75,920,925,937,38535
51,874,10,15,36585,51,925,935,950,37535
63,778,5,10,36828,63,841,846,856,37684
59,781,5,10,36288,59,840,845,855,37143
53,801,5,10,36818,53,854,859,869,37687
59,827,5,12,37388,59,886,891,903,38291
60,799,5,29,36800,60,859,864,893,37693
63,776,4,13,35952,63,839,843,856,36808
55,789,5,10,36639,55,844,849,859,37498
49,792,5,11,38188,49,841,846,857,39045
53,828,6,12,37771,53,881,887,899,38670
56,785,5,10,37207,56,841,846,856,38063
50,782,5,10,36815,50,832,837,847,37662
54,778,5,10,36115,54,832,837,847,36962
54,786,5,11,36440,54,840,845,856,37296
66,830,5,13,37691,66,896,901,914,38605
50,802,6,25,36844,50,852,858,883,37727
52,782,4,11,37000,52,834,838,849,37849
53,814,5,9,36509,53,867,872,881,37390
53,787,5,10,36671,53,840,845,855,37526
51,823,7,15,37580,51,874,881,896,38476
59,786,5,10,37587,59,845,850,860,38447
53,789,6,10,36670,53,842,848,858,37528
55,785,5,10,36782,55,840,845,855,37637
53,787,5,10,36704,53,840,845,855,37559
50,836,6,11,38260,50,886,892,903,39163
51,790,5,10,37002,51,841,846,856,37858
48,782,5,11,36652,48,830,835,846,37498
55,786,4,10,36564,55,841,845,855,37419
57,783,4,11,36811,57,840,844,855,37666
55,817,6,13,38250,55,872,878,891,39141
49,776,5,10,36729,49,825,830,840,37569
61,790,5,11,36834,61,851,856,867,37701
58,784,4,11,36852,58,842,846,857,37709
53,787,5,11,37851,53,840,845,856,38707
61,843,5,13,37258,61,904,909,922,38180
54,782,5,11,36864,54,836,841,852,37716
54,785,5,10,36161,54,839,844,854,37015
54,795,5,10,37324,54,849,854,864,38188
51,789,5,11,36844,51,840,845,856,37700
51,840,5,12,39461,51,891,896,908,40369
51,789,5,10,36757,51,840,845,855,37612
53,825,5,12,37185,53,878,883,895,38080
59,791,4,11,36671,59,850,854,865,37536
54,784,5,11,37806,54,838,843,854,38660
55,836,7,13,38008,55,891,898,911,38919
56,788,4,11,36003,56,844,848,859,36862
51,783,5,12,36151,51,834,839,851,37002
52,781,5,11,36788,52,833,838,849,37637
83,786,5,11,36504,83,869,874,885,37389
54,824,5,12,39396,54,878,883,895,40291
54,778,4,10,36320,54,832,836,846,37166
51,798,5,10,36670,51,849,854,864,37534
56,782,4,11,37626,56,838,842,853,38479
58,789,5,11,37518,58,847,852,863,38381
53,779,5,11,37724,53,832,837,848,38572
62,786,5,9,36353,62,848,853,862,37215
50,782,5,10,37773,50,832,837,847,38620
51,791,5,10,37455,51,842,847,857,38312
62,788,5,10,37232,62,850,855,865,38097
67,807,6,13,37720,67,874,880,893,38613
56,794,6,11,37239,56,850,856,867,38106
54,801,5,10,36926,54,855,860,870,37796
54,772,5,9,37102,54,826,831,840,37942
56,802,6,11,37326,56,858,864,875,38201
54,824,7,15,37527,54,878,885,900,38427
62,782,5,11,37080,62,844,849,860,37940
53,802,5,11,36972,53,855,860,871,37843
56,784,5,10,36525,56,840,845,855,37380
49,779,5,10,36659,49,828,833,843,37502
58,840,7,13,39286,58,898,905,918,40204
62,784,4,10,36864,62,846,850,860,37724
55,800,5,11,36132,55,855,860,871,37003
66,789,6,13,37962,66,855,861,874,38836
60,796,5,10,37101,60,856,861,871,37972
56,780,5,10,37116,56,836,841,851,37967
53,837,11,11,37292,53,890,901,912,38204
55,783,5,11,37245,55,838,843,854,38099
55,789,6,10,36641,55,844,850,860,37501
53,787,5,10,37543,53,840,845,855,38398
