args_parsing,module_init,preopen,landlock,running,args_parsing_c,module_init_c,preopen_c,landlock_c,running_c
67,791,10,16,43462,67,858,868,884,44346
63,793,11,16,41864,63,856,867,883,42747
59,820,14,17,43386,59,879,893,910,44296
64,786,10,17,42523,64,850,860,877,43400
71,794,10,17,45143,71,865,875,892,46035
74,803,10,15,41988,74,877,887,902,42890
70,789,10,16,41815,70,859,869,885,42700
64,787,10,18,42660,64,851,861,879,43539
72,799,10,16,43052,72,871,881,897,43949
69,813,12,16,42756,69,882,894,910,43666
71,798,10,16,42820,71,869,879,895,43715
62,791,11,15,42465,62,853,864,879,43344
63,792,11,16,43151,63,855,866,882,44033
62,800,11,17,42544,62,862,873,890,43434
65,792,10,19,42725,65,857,867,886,43611
61,796,11,17,42748,61,857,868,885,43633
58,799,11,16,42404,58,857,868,884,43288
65,799,10,19,42368,65,864,874,893,43261
61,809,11,16,42174,61,870,881,897,43071
65,821,10,16,43384,65,886,896,912,44296
63,796,12,17,42234,63,859,871,888,43122
73,786,11,16,42727,73,859,870,886,43613
66,815,9,20,41903,66,881,890,910,42813
72,796,10,17,44744,72,868,878,895,45639
65,799,9,19,42318,65,864,873,892,43210
62,792,11,16,42354,62,854,865,881,43235
65,800,11,17,42126,65,865,876,893,43019
63,799,10,17,42266,63,862,872,889,43155
56,791,10,17,42761,56,847,857,874,43635
70,804,11,17,42511,70,874,885,902,43413
62,794,11,16,42938,62,856,867,883,43821
59,800,10,17,43589,59,859,869,886,44475
63,808,12,19,41975,63,871,883,902,42877
64,804,11,17,43117,64,868,879,896,44013
62,789,11,16,42592,62,851,862,878,43470
64,797,10,16,43033,64,861,871,887,43920
69,794,11,17,42084,69,863,874,891,42975
68,807,10,17,73178,68,875,885,902,74080
95,1139,26,32,78390,95,1234,1260,1292,79682
68,809,12,16,43487,68,877,889,905,44392
62,792,10,16,42648,62,854,864,880,43528
65,790,9,16,42773,65,855,864,880,43653
66,797,11,19,42722,66,863,874,893,43615
59,802,11,16,46537,59,861,872,888,47425
71,795,10,16,42608,71,866,876,892,43500
63,796,11,19,42717,63,859,870,889,43606
57,793,11,16,42974,57,850,861,877,43851
62,792,10,19,46779,62,854,864,883,47662
63,1039,24,27,44547,63,1102,1126,1153,45700
66,791,10,16,66931,66,857,867,883,67814
75,984,21,28,45688,75,1059,1080,1108,46796
69,803,11,17,42653,69,872,883,900,43553
57,798,10,17,42789,57,855,865,882,43671
62,801,10,16,42650,62,863,873,889,43539
69,800,9,17,47355,69,869,878,895,48250
84,1163,21,26,43870,84,1247,1268,1294,45164
61,789,10,16,42567,61,850,860,876,43443
60,785,11,16,42071,60,845,856,872,42943
63,797,11,20,42914,63,860,871,891,43805
72,817,11,15,42132,72,889,900,915,43047
63,803,11,17,43223,63,866,877,894,44117
57,800,11,16,44712,57,857,868,884,45596
65,794,10,19,43508,65,859,869,888,44396
57,792,10,17,42799,57,849,859,876,43675
72,802,11,15,42570,72,874,885,900,43470
62,813,11,16,42438,62,875,886,902,43340
66,797,11,17,54205,66,863,874,891,55096
97,1136,27,28,77928,97,1233,1260,1288,79216
60,838,14,20,42747,60,898,912,932,43679
61,796,10,16,42843,61,857,867,883,43726
64,783,10,17,43004,64,847,857,874,43878
60,796,11,17,43825,60,856,867,884,44709
73,817,11,17,45853,73,890,901,918,46771
94,1104,23,25,85716,94,1198,1221,1246,86962
70,948,15,25,51072,70,1018,1033,1058,52130
63,782,10,21,42548,63,845,855,876,43424
58,799,10,16,43905,58,857,867,883,44788
67,806,10,16,42330,67,873,883,899,43229
67,807,11,17,42877,67,874,885,902,43779
63,792,11,17,43714,63,855,866,883,44597
58,790,10,29,42825,58,848,858,887,43712
63,798,11,19,44873,63,861,872,891,45764
68,796,11,17,68687,68,864,875,892,69579
103,1165,31,31,66924,103,1268,1299,1330,68254
61,835,13,17,55562,61,896,909,926,56488
65,820,12,17,57063,65,885,897,914,57977
64,875,15,21,42316,64,939,954,975,43291
73,1060,19,27,42448,73,1133,1152,1179,43627
84,794,12,17,62442,84,878,890,907,63349
92,1189,32,29,77872,92,1281,1313,1342,79214
64,796,10,18,42719,64,860,870,888,43607
73,872,16,24,43149,73,945,961,985,44134
62,800,11,16,42396,62,862,873,889,43285
62,796,10,18,79613,62,858,868,886,80499
70,1007,21,30,53054,70,1077,1098,1128,54182
72,802,10,16,44901,72,874,884,900,45801
61,810,11,15,42776,61,871,882,897,43673
63,784,11,16,44409,63,847,858,874,45283
65,822,20,18,42402,65,887,907,925,43327
57,812,11,17,43160,57,869,880,897,44057
