args_parsing,module_init,preopen,landlock,running,args_parsing_c,module_init_c,preopen_c,landlock_c,running_c
62,809,14,17,44480,62,871,885,902,45382
77,783,11,17,44173,77,860,871,888,45061
68,794,11,18,44305,68,862,873,891,45196
64,785,11,19,44428,64,849,860,879,45307
75,859,14,18,53477,75,934,948,966,54443
70,789,10,16,44893,70,859,869,885,45778
71,811,13,17,44294,71,882,895,912,45206
66,833,13,17,45368,66,899,912,929,46297
65,823,13,17,45137,65,888,901,918,46055
58,898,13,18,46808,58,956,969,987,47795
67,821,14,21,44321,67,888,902,923,45244
68,810,13,17,44618,68,878,891,908,45526
61,816,13,16,44459,61,877,890,906,45365
67,825,11,17,44284,67,892,903,920,45204
63,856,14,20,44698,63,919,933,953,45651
67,811,11,18,44513,67,878,889,907,45420
66,794,11,17,44360,66,860,871,888,45248
71,795,11,17,44363,71,866,877,894,45257
62,885,13,21,44824,62,947,960,981,45805
64,817,12,17,44612,64,881,893,910,45522
57,816,20,17,44338,57,873,893,910,45248
58,805,11,16,45034,58,863,874,890,45924
63,799,10,16,45221,63,862,872,888,46109
64,804,10,18,44663,64,868,878,896,45559
70,801,12,17,44214,70,871,883,900,45114
58,840,14,17,44610,58,898,912,929,45539
66,812,14,17,44897,66,878,892,909,45806
58,819,12,18,44396,58,877,889,907,45303
60,801,11,16,45212,60,861,872,888,46100
65,786,13,17,44506,65,851,864,881,45387
66,798,12,17,44678,66,864,876,893,45571
59,809,12,17,44164,59,868,880,897,45061
67,804,13,16,44274,67,871,884,900,45174
65,804,12,17,44504,65,869,881,898,45402
71,818,11,20,46558,71,889,900,920,47478
72,817,11,17,44335,72,889,900,917,45252
64,810,21,17,44361,64,874,895,912,45273
146,798,11,17,44237,146,944,955,972,45209
58,816,13,17,44838,58,874,887,904,45742
60,798,27,19,44404,60,858,885,904,45308
60,818,14,102,44635,60,878,892,994,45629
64,820,13,20,44552,64,884,897,917,45469
59,811,12,18,44331,59,870,882,900,45231
59,816,12,18,44989,59,875,887,905,45894
57,833,15,19,45250,57,890,905,924,46174
58,832,10,18,45253,58,890,900,918,46171
67,817,13,17,44373,67,884,897,914,45287
69,824,13,18,44606,69,893,906,924,45530
64,801,11,18,44187,64,865,876,894,45081
70,809,11,17,44437,70,879,890,907,45344
63,859,11,17,44356,63,922,933,950,45306
68,812,12,17,44050,68,880,892,909,44959
68,819,11,17,44239,68,887,898,915,45154
58,800,11,17,44377,58,858,869,886,45263
66,817,11,18,50016,66,883,894,912,50928
58,786,10,17,44504,58,844,854,871,45375
59,812,11,16,45079,59,871,882,898,45977
58,828,11,18,44635,58,886,897,915,45550
63,826,12,17,44742,63,889,901,918,45660
66,902,16,18,45540,66,968,984,1002,46542
58,813,10,17,45455,58,871,881,898,46353
63,839,10,20,44712,63,902,912,932,45644
57,803,14,17,45007,57,860,874,891,45898
64,791,12,18,44684,64,855,867,885,45569
61,794,12,21,44471,61,855,867,888,45359
61,799,11,16,45287,61,860,871,887,46174
62,820,12,21,45064,62,882,894,915,45979
69,805,12,17,44349,69,874,886,903,45252
64,848,14,21,44295,64,912,926,947,45242
66,805,11,18,44408,66,871,882,900,45308
71,811,11,17,44444,71,882,893,910,45354
71,809,11,18,44424,71,880,891,909,45333
63,793,10,19,45019,63,856,866,885,45904
64,789,11,20,44654,64,853,864,884,45538
62,809,12,18,45173,62,871,883,901,46074
63,807,10,19,44474,63,870,880,899,45373
62,795,10,17,45328,62,857,867,884,46212
67,809,11,17,44393,67,876,887,904,45297
58,811,13,17,46055,58,869,882,899,46954
65,813,12,17,44536,65,878,890,907,45443
58,804,12,17,44633,58,862,874,891,45524
58,803,11,17,45358,58,861,872,889,46247
64,815,11,20,45175,64,879,890,910,46085
65,811,12,19,44269,65,876,888,907,45176
61,837,15,17,45292,61,898,913,930,46222
59,829,12,17,45233,59,888,900,917,46150
58,801,10,17,44449,58,859,869,886,45335
63,837,12,21,44121,63,900,912,933,45054
59,798,10,17,44256,59,857,867,884,45140
65,805,11,17,44381,65,870,881,898,45279
65,824,12,17,44338,65,889,901,918,45256
62,823,13,17,44332,62,885,898,915,45247
59,801,11,18,44616,59,860,871,889,45505
62,802,12,20,44066,62,864,876,896,44962
67,822,12,17,45934,67,889,901,918,46852
58,790,10,18,44546,58,848,858,876,45422
59,791,11,17,44329,59,850,861,878,45207
74,813,11,18,44276,74,887,898,916,45192
64,811,11,17,45260,64,875,886,903,46163
65,813,14,18,44646,65,878,892,910,45556
