args_parsing,module_init,preopen,landlock,running,args_parsing_c,module_init_c,preopen_c,landlock_c,running_c
63,797,12,18,44660,63,860,872,890,45550
74,875,12,18,44325,74,949,961,979,45304
71,836,11,19,44434,71,907,918,937,45371
63,840,12,18,44333,63,903,915,933,45266
57,813,10,18,44270,57,870,880,898,45168
59,817,12,17,50698,59,876,888,905,51603
97,947,14,20,45146,97,1044,1058,1078,46224
78,832,13,16,44077,78,910,923,939,45016
66,777,10,17,44504,66,843,853,870,45374
63,792,11,17,44251,63,855,866,883,45134
63,795,11,18,44297,63,858,869,887,45184
143,792,12,17,44566,143,935,947,964,45530
64,801,15,24,44626,64,865,880,904,45530
58,829,12,17,44430,58,887,899,916,45346
64,797,10,17,44606,64,861,871,888,45494
66,816,12,20,45340,66,882,894,914,46254
62,816,13,21,45018,62,878,891,912,45930
67,802,10,16,44149,67,869,879,895,45044
67,824,12,18,45319,67,891,903,921,46240
64,821,12,18,44879,64,885,897,915,45794
66,801,11,16,45112,66,867,878,894,46006
70,808,10,16,44439,70,878,888,904,45343
65,796,11,16,45287,65,861,872,888,46175
64,817,11,19,44173,64,881,892,911,45084
75,804,11,17,44470,75,879,890,907,45377
59,809,10,18,44320,59,868,878,896,45216
64,813,11,18,44628,64,877,888,906,45534
63,888,13,18,44182,63,951,964,982,45164
61,849,13,18,46674,61,910,923,941,47615
58,815,12,17,44768,58,873,885,902,45670
66,813,11,18,50798,66,879,890,908,51706
64,795,11,21,45784,64,859,870,891,46675
66,793,10,18,44955,66,859,869,887,45842
58,821,12,17,45315,58,879,891,908,46223
70,831,12,17,44385,70,901,913,930,45315
60,805,11,17,44752,60,865,876,893,45645
60,793,11,17,44474,60,853,864,881,45355
63,885,15,18,59071,63,948,963,981,60052
64,809,11,18,45415,64,873,884,902,46317
58,807,12,17,44039,58,865,877,894,44933
62,803,11,21,45202,62,865,876,897,46099
63,860,12,17,49274,63,923,935,952,50226
68,796,11,17,44377,68,864,875,892,45269
58,802,11,16,45278,58,860,871,887,46165
65,817,12,17,44650,65,882,894,911,45561
67,839,12,21,44272,67,906,918,939,45211
64,809,13,20,46791,64,873,886,906,47697
59,795,11,17,44193,59,854,865,882,45075
60,836,12,18,44444,60,896,908,926,45370
62,810,9,17,45317,62,872,881,898,46215
63,820,12,17,45097,63,883,895,912,46009
56,802,11,18,45321,56,858,869,887,46208
58,804,11,17,45146,58,862,873,890,46036
66,832,12,16,44179,66,898,910,926,45105
62,802,10,16,50834,62,864,874,890,51724
64,824,12,18,51301,64,888,900,918,52219
71,822,11,18,44148,71,893,904,922,45070
71,825,12,18,45271,71,896,908,926,46197
73,829,12,16,47934,73,902,914,930,48864
59,810,13,17,46490,59,869,882,899,47389
66,792,11,17,46026,66,858,869,886,46912
59,855,13,17,44345,59,914,927,944,45289
59,806,12,18,44187,59,865,877,895,45082
64,797,11,20,44443,64,861,872,892,45335
69,808,12,17,44885,69,877,889,906,45791
63,815,12,18,45438,63,878,890,908,46346
70,796,11,18,44541,70,866,877,895,45436
68,800,11,18,44629,68,868,879,897,45526
69,808,13,17,44762,69,877,890,907,45669
59,792,11,21,44242,59,851,862,883,45125
65,803,11,18,45364,65,868,879,897,46261
64,810,12,19,45047,64,874,886,905,45952
61,827,11,17,44900,61,888,899,916,45816
57,812,11,17,44889,57,869,880,897,45786
68,799,12,18,44199,68,867,879,897,45096
59,802,11,18,44297,59,861,872,890,45187
59,793,10,18,48377,59,852,862,880,49257
68,814,14,18,44292,68,882,896,914,45206
71,825,12,18,44287,71,896,908,926,45213
71,797,11,16,44506,71,868,879,895,45401
58,810,11,17,51627,58,868,879,896,52523
59,814,13,18,44385,59,873,886,904,45289
64,798,12,19,44596,64,862,874,893,45489
74,805,10,17,44476,74,879,889,906,45382
70,790,10,17,45101,70,860,870,887,45988
60,798,12,16,44419,60,858,870,886,45305
66,792,10,20,44148,66,858,868,888,45036
64,796,12,20,44761,64,860,872,892,45653
69,820,11,17,45555,69,889,900,917,46472
63,821,12,17,44356,63,884,896,913,45269
70,806,11,17,45123,70,876,887,904,46027
63,808,11,19,44454,63,871,882,901,45355
63,812,12,17,45472,63,875,887,904,46376
64,816,12,19,44316,64,880,892,911,45227
66,808,12,17,44745,66,874,886,903,45648
68,827,12,17,44814,68,895,907,924,45738
67,793,11,18,44672,67,860,871,889,45561
64,825,12,21,44189,64,889,901,922,45111
58,802,10,17,44536,58,860,870,887,45423
65,807,11,20,44449,65,872,883,903,45352
