args_parsing,module_init,preopen,landlock,running,args_parsing_c,module_init_c,preopen_c,landlock_c,running_c
69,889,16,18,44422,69,958,974,992,45414
64,803,12,20,45185,64,867,879,899,46084
68,798,10,17,45608,68,866,876,893,46501
71,803,10,17,49928,71,874,884,901,50829
64,799,11,16,44707,64,863,874,890,45597
60,821,12,17,44603,60,881,893,910,45513
61,820,11,17,45599,61,881,892,909,46508
64,792,11,19,44336,64,856,867,886,45222
68,809,11,17,44078,68,877,888,905,44983
57,811,11,18,45209,57,868,879,897,46106
60,794,9,17,44285,60,854,863,880,45165
66,793,11,16,44281,66,859,870,886,45167
66,813,14,21,44770,66,879,893,914,45684
63,810,17,20,44515,63,873,890,910,45425
94,819,11,18,45048,94,913,924,942,45990
68,812,11,17,44423,68,880,891,908,45331
65,802,11,20,45897,65,867,878,898,46795
65,803,12,16,44897,65,868,880,896,45793
68,806,11,17,44312,68,874,885,902,45214
62,794,10,17,45210,62,856,866,883,46093
59,789,9,16,44622,59,848,857,873,45495
73,806,12,17,44345,73,879,891,908,45253
66,848,14,17,44614,66,914,928,945,45559
66,800,12,16,45199,66,866,878,894,46093
61,791,11,16,45589,61,852,863,879,46468
63,796,11,17,44510,63,859,870,887,45397
65,784,13,21,44784,65,849,862,883,45667
63,810,12,17,45075,63,873,885,902,45977
58,801,10,17,51123,58,859,869,886,52009
64,808,11,16,44532,64,872,883,899,45431
64,833,14,17,44492,64,897,911,928,45420
58,801,12,16,44274,58,859,871,887,45161
65,811,10,19,45186,65,876,886,905,46091
64,794,10,20,44702,64,858,868,888,45590
65,793,11,17,45149,65,858,869,886,46035
70,820,11,16,45615,70,890,901,917,46532
62,799,10,17,45233,62,861,871,888,46121
65,825,12,17,44707,65,890,902,919,45626
60,816,13,18,45437,60,876,889,907,46344
68,947,12,17,44910,68,1015,1027,1044,45954
64,835,11,18,43983,64,899,910,928,44911
62,807,12,18,45502,62,869,881,899,46401
59,806,11,17,44493,59,865,876,893,45386
59,796,9,16,44791,59,855,864,880,45671
62,807,11,17,44349,62,869,880,897,45246
60,812,12,17,44638,60,872,884,901,45539
61,825,12,17,44320,61,886,898,915,45235
68,807,10,17,44131,68,875,885,902,45033
58,820,11,18,44773,58,878,889,907,45680
63,817,11,16,44683,63,880,891,907,45590
65,806,11,18,44674,65,871,882,900,45574
62,813,11,17,45377,62,875,886,903,46280
72,817,11,18,45640,72,889,900,918,46558
68,820,13,18,51561,68,888,901,919,52480
72,829,12,18,44266,72,901,913,931,45197
66,816,11,19,46728,66,882,893,912,47640
61,803,11,17,44291,61,864,875,892,45183
68,810,11,18,45369,68,878,889,907,46276
66,798,11,17,45272,66,864,875,892,46164
70,808,12,18,44531,70,878,890,908,45439
66,804,11,18,44458,66,870,881,899,45357
63,800,10,17,44862,63,863,873,890,45752
58,846,12,16,45504,58,904,916,932,46436
63,807,11,17,44508,63,870,881,898,45406
65,806,11,20,44891,65,871,882,902,45793
61,818,11,18,44818,61,879,890,908,45726
62,815,11,18,44569,62,877,888,906,45475
59,791,11,17,44501,59,850,861,878,45379
64,807,12,20,44270,64,871,883,903,45173
58,812,12,16,44569,58,870,882,898,45467
65,801,10,20,44664,65,866,876,896,45560
71,850,12,18,44219,71,921,933,951,45170
61,833,12,18,44366,61,894,906,924,45290
62,879,13,17,45139,62,941,954,971,46110
63,810,22,20,44458,63,873,895,915,45373
58,872,13,16,44705,58,930,943,959,45664
65,836,13,21,44226,65,901,914,935,45161
75,878,13,17,44346,75,953,966,983,45329
75,795,12,18,51276,75,870,882,900,52176
68,799,11,18,44189,68,867,878,896,45085
72,850,14,17,45345,72,922,936,953,46298
60,797,10,17,45576,60,857,867,884,46460
65,795,11,17,44507,65,860,871,888,45395
63,816,11,17,44553,63,879,890,907,45460
68,824,12,16,44654,68,892,904,920,45574
60,822,11,17,44734,60,882,893,910,45644
63,802,13,18,44718,63,865,878,896,45614
65,839,13,20,44588,65,904,917,937,45525
63,827,13,18,44338,63,890,903,921,45259
69,817,13,17,45228,69,886,899,916,46144
69,804,11,16,44508,69,873,884,900,45408
65,819,12,17,44261,65,884,896,913,45174
72,802,10,17,45291,72,874,884,901,46192
60,800,11,17,44384,60,860,871,888,45272
64,800,11,17,45211,64,864,875,892,46103
70,826,12,18,44290,70,896,908,926,45216
60,804,11,17,44298,60,864,875,892,45190
59,816,12,18,44359,59,875,887,905,45264
72,814,12,18,45416,72,886,898,916,46332
64,821,12,20,44259,64,885,897,917,45176
