args_parsing,module_init,preopen,landlock,running,args_parsing_c,module_init_c,preopen_c,landlock_c,running_c
71,785,10,18,45343,71,856,866,884,46227
72,810,12,19,44755,72,882,894,913,45668
62,789,12,18,45862,62,851,863,881,46743
63,789,11,18,44513,63,852,863,881,45394
74,817,12,17,44220,74,891,903,920,45140
62,786,11,17,44889,62,848,859,876,45765
66,804,12,22,44807,66,870,882,904,45711
66,798,13,17,44560,66,864,877,894,45454
67,797,13,18,44816,67,864,877,895,45711
69,786,12,19,44303,69,855,867,886,45189
64,805,11,18,45380,64,869,880,898,46278
72,795,14,19,44723,72,867,881,900,45623
65,806,12,19,45262,65,871,883,902,46164
95,830,12,19,44636,95,925,937,956,45592
67,800,10,21,44538,67,867,877,898,45436
73,817,13,17,44611,73,890,903,920,45531
69,796,12,21,44542,69,865,877,898,45440
63,785,11,18,44595,63,848,859,877,45472
70,787,10,17,44349,70,857,867,884,45233
70,798,12,18,44254,70,868,880,898,45152
77,798,12,18,44561,77,875,887,905,45466
69,788,12,20,44476,69,857,869,889,45365
71,806,12,17,44288,71,877,889,906,45194
61,803,11,18,46057,61,864,875,893,46950
66,804,12,22,45604,66,870,882,904,46508
61,787,11,17,45023,61,848,859,876,45899
78,781,12,18,45346,78,859,871,889,46235
61,810,14,18,44596,61,871,885,903,45499
65,808,12,18,45339,65,873,885,903,46242
73,852,14,21,52214,73,925,939,960,53174
66,792,10,17,45491,66,858,868,885,46376
70,805,12,17,44415,70,875,887,904,45319
67,797,12,17,44688,67,864,876,893,45581
65,871,13,18,45458,65,936,949,967,46425
73,798,12,17,44194,73,871,883,900,45094
90,801,11,18,44588,90,891,902,920,45508
93,801,13,19,44621,93,894,907,926,45547
61,811,11,19,44085,61,872,883,902,44987
68,795,11,18,44654,68,863,874,892,45546
68,787,10,17,44445,68,855,865,882,45327
67,803,13,18,44469,67,870,883,901,45370
68,811,11,21,45292,68,879,890,911,46203
62,800,11,18,44376,62,862,873,891,45267
69,786,11,18,44824,69,855,866,884,45708
60,792,11,19,44701,60,852,863,882,45583
67,788,11,18,44700,67,855,866,884,45584
65,788,12,18,44531,65,853,865,883,45414
65,800,13,17,44555,65,865,878,895,45450
65,840,13,18,54470,65,905,918,936,55406
68,841,11,18,44409,68,909,920,938,45347
68,818,12,19,44426,68,886,898,917,45343
102,784,11,16,45654,102,886,897,913,46567
62,820,13,18,44582,62,882,895,913,45495
67,802,12,19,46112,67,869,881,900,47012
78,807,13,18,46032,78,885,898,916,46948
67,794,11,18,44644,67,861,872,890,45534
74,807,10,19,44456,74,881,891,910,45366
67,781,11,21,44214,67,848,859,880,45094
78,798,11,18,44342,78,876,887,905,45247
66,822,13,19,45223,66,888,901,920,46143
76,789,10,17,44671,76,865,875,892,45563
72,811,13,18,44502,72,883,896,914,45416
68,773,10,17,45580,68,841,851,868,46448
71,790,11,17,44878,71,861,872,889,45767
72,776,10,17,44579,72,848,858,875,45454
72,797,12,18,44730,72,869,881,899,45629
82,809,12,20,44311,82,891,903,923,45234
69,803,12,19,44911,69,872,884,903,45814
67,828,13,21,44776,67,895,908,929,45705
66,811,13,18,44670,66,877,890,908,45578
60,811,12,17,44594,60,871,883,900,45494
83,920,15,17,45134,83,1003,1018,1035,46169
72,790,12,17,44413,72,862,874,891,45304
106,929,15,19,46398,106,1035,1050,1069,47467
69,796,11,22,44458,69,865,876,898,45356
73,789,13,18,44834,73,862,875,893,45727
67,792,12,19,44494,67,859,871,890,45384
62,803,11,19,44448,62,865,876,895,45343
62,787,10,19,47685,62,849,859,878,48563
62,825,13,19,45598,62,887,900,919,46517
62,811,11,18,45391,62,873,884,902,46293
63,815,11,19,44316,63,878,889,908,45224
68,800,11,18,44728,68,868,879,897,45625
66,797,11,18,45064,66,863,874,892,45956
66,803,11,18,44976,66,869,880,898,45874
82,828,15,18,44600,82,910,925,943,45543
61,791,11,17,45439,61,852,863,880,46319
68,782,13,18,44384,68,850,863,881,45265
71,790,12,17,45309,71,861,873,890,46199
66,812,11,19,45458,66,878,889,908,46366
64,799,11,18,50933,64,863,874,892,51825
62,813,12,18,45254,62,875,887,905,46159
96,957,15,19,45323,96,1053,1068,1087,46410
80,979,20,25,48137,80,1059,1079,1104,49241
61,795,11,18,45597,61,856,867,885,46482
73,796,12,18,45051,73,869,881,899,45950
71,799,12,17,44511,71,870,882,899,45410
67,801,12,29,45672,67,868,880,909,46581
62,809,13,19,44719,62,871,884,903,45622
74,804,12,19,44310,74,878,890,909,45219
