args_parsing,module_init,preopen,landlock,running,args_parsing_c,module_init_c,preopen_c,landlock_c,running_c
63,795,11,17,44236,63,858,869,886,45122
68,846,12,17,44843,68,914,926,943,45786
64,824,12,17,45122,64,888,900,917,46039
59,834,12,17,44431,59,893,905,922,45353
62,805,12,17,44447,62,867,879,896,45343
64,794,11,19,50406,64,858,869,888,51294
72,801,11,17,45311,72,873,884,901,46212
60,809,12,17,45499,60,869,881,898,46397
59,818,12,17,44209,59,877,889,906,45115
67,827,12,19,44149,67,894,906,925,45074
66,807,13,18,45254,66,873,886,904,46158
73,805,12,18,44821,73,878,890,908,45729
60,795,9,19,44197,60,855,864,883,45080
64,808,11,19,44813,64,872,883,902,45715
65,799,11,17,44568,65,864,875,892,45460
63,860,13,17,45871,63,923,936,953,46824
62,801,11,17,44359,62,863,874,891,45250
64,831,13,18,44595,64,895,908,926,45521
66,834,12,17,45217,66,900,912,929,46146
70,806,11,18,44309,70,876,887,905,45214
60,812,12,17,45457,60,872,884,901,46358
63,810,11,19,44382,63,873,884,903,45285
65,820,13,18,44203,65,885,898,916,45119
70,838,12,18,44478,70,908,920,938,45416
64,805,11,19,44712,64,869,880,899,45611
65,813,12,18,44460,65,878,890,908,45368
66,834,13,19,45688,66,900,913,932,46620
60,802,10,17,44391,60,862,872,889,45280
69,828,12,18,44641,69,897,909,927,45568
59,787,10,18,44179,59,846,856,874,45053
68,794,10,18,50249,68,862,872,890,51139
65,833,14,20,44325,65,898,912,932,45257
65,812,13,19,44324,65,877,890,909,45233
70,802,11,18,44063,70,872,883,901,44964
60,805,11,16,45427,60,865,876,892,46319
59,805,10,17,44721,59,864,874,891,45612
60,827,12,17,44643,60,887,899,916,45559
66,802,10,17,44511,66,868,878,895,45406
61,813,11,17,44630,61,874,885,902,45532
72,811,11,18,44520,72,883,894,912,45432
60,800,11,18,44545,60,860,871,889,45434
59,798,12,17,44353,59,857,869,886,45239
69,803,10,17,44458,69,872,882,899,45357
63,913,13,17,44128,63,976,989,1006,45134
66,830,12,20,44801,66,896,908,928,45729
60,805,14,20,44773,60,865,879,899,45672
58,809,12,18,44295,58,867,879,897,45192
63,820,11,18,44608,63,883,894,912,45520
68,825,12,17,44624,68,893,905,922,45546
69,817,11,17,44582,69,886,897,914,45496
62,812,11,31,44590,62,874,885,916,45506
59,831,12,17,45248,59,890,902,919,46167
68,832,13,19,44870,68,900,913,932,45802
63,832,12,18,44555,63,895,907,925,45480
73,805,13,18,44820,73,878,891,909,45729
58,799,11,17,50785,58,857,868,885,51670
63,813,12,18,44548,63,876,888,906,45454
63,800,11,17,44703,63,863,874,891,45594
61,825,12,17,44171,61,886,898,915,45086
64,796,12,20,44592,64,860,872,892,45484
61,823,11,17,45577,61,884,895,912,46489
76,807,12,19,44257,76,883,895,914,45171
68,819,11,17,44252,68,887,898,915,45167
71,791,10,16,44310,71,862,872,888,45198
71,829,12,19,44913,71,900,912,931,45844
65,844,13,19,44486,65,909,922,941,45427
65,820,13,16,45621,65,885,898,914,46535
58,811,12,17,44707,58,869,881,898,45605
67,814,10,20,44514,67,881,891,911,45425
64,831,13,20,44849,64,895,908,928,45777
73,822,11,16,44897,73,895,906,922,45819
65,807,11,19,44519,65,872,883,902,45421
62,821,11,18,44259,62,883,894,912,45171
66,790,12,17,44198,66,856,868,885,45083
66,900,13,21,45003,66,966,979,1000,46003
63,809,11,18,44792,63,872,883,901,45693
72,824,12,17,44420,72,896,908,925,45345
61,801,11,17,44769,61,862,873,890,45659
66,814,11,18,44396,66,880,891,909,45305
67,820,11,18,44785,67,887,898,916,45701
65,802,11,20,45675,65,867,878,898,46573
69,799,13,17,45138,69,868,881,898,46036
70,798,10,16,44831,70,868,878,894,45725
66,800,11,20,44297,66,866,877,897,45194
63,802,11,17,44939,63,865,876,893,45832
74,820,12,16,44649,74,894,906,922,45571
63,804,10,18,44490,63,867,877,895,45385
64,809,11,17,44716,64,873,884,901,45617
60,848,12,90,44707,60,908,920,1010,45717
60,821,13,17,44702,60,881,894,911,45613
64,803,12,21,45665,64,867,879,900,46565
68,796,11,20,44400,68,864,875,895,45295
59,810,11,17,44308,59,869,880,897,45205
66,807,10,18,45223,66,873,883,901,46124
57,798,11,17,44205,57,855,866,883,45088
69,791,11,17,44543,69,860,871,888,45431
62,814,12,18,45286,62,876,888,906,46192
62,815,13,17,44172,62,877,890,907,45079
64,818,11,17,45412,64,882,893,910,46322
70,895,13,17,45457,70,965,978,995,46452
