args_parsing,module_init,preopen,landlock,running,args_parsing_c,module_init_c,preopen_c,landlock_c,running_c
59,816,11,17,45293,59,875,886,903,46196
69,798,11,17,44234,69,867,878,895,45129
64,823,13,17,45676,64,887,900,917,46593
60,823,13,17,44287,60,883,896,913,45200
69,805,10,20,45155,69,874,884,904,46059
62,799,11,17,50142,62,861,872,889,51031
63,863,13,20,44409,63,926,939,959,45368
63,818,12,21,45195,63,881,893,914,46109
58,835,14,17,44321,58,893,907,924,45245
66,804,12,17,44375,66,870,882,899,45274
65,800,10,17,44243,65,865,875,892,45135
59,834,13,18,44413,59,893,906,924,45337
62,885,12,16,45423,62,947,959,975,46398
64,804,12,18,45240,64,868,880,898,46138
63,806,11,17,44562,63,869,880,897,45459
62,809,12,20,44407,62,871,883,903,45310
57,828,13,17,44847,57,885,898,915,45762
83,818,12,18,44519,83,901,913,931,45450
60,791,12,17,44700,60,851,863,880,45580
67,802,11,17,44338,67,869,880,897,45235
58,806,12,18,45155,58,864,876,894,46049
70,810,12,22,44454,70,880,892,914,45368
67,824,12,17,44624,67,891,903,920,45544
71,796,11,20,44421,71,867,878,898,45319
63,918,14,17,44842,63,981,995,1012,45854
64,817,12,19,44831,64,881,893,912,45743
61,796,11,20,45052,61,857,868,888,45940
65,802,12,19,44566,65,867,879,898,45464
62,892,12,17,44208,62,954,966,983,45191
58,829,11,16,45025,58,887,898,914,45939
64,827,11,21,50893,64,891,902,923,51816
62,823,12,18,44627,62,885,897,915,45542
65,819,13,18,45343,65,884,897,915,46258
58,825,12,18,44677,58,883,895,913,45590
63,814,13,21,44329,63,877,890,911,45240
68,801,11,17,45321,68,869,880,897,46218
63,803,11,20,44692,63,866,877,897,45589
60,823,12,18,46326,60,883,895,913,47239
57,800,10,17,44763,57,857,867,884,45647
66,820,25,19,44367,66,886,911,930,45297
69,847,12,17,45327,69,916,928,945,46272
57,820,11,17,44566,57,877,888,905,45471
70,802,12,21,44361,70,872,884,905,45266
70,823,12,18,45309,70,893,905,923,46232
57,802,11,17,44267,57,859,870,887,45154
66,802,11,17,44624,66,868,879,896,45520
64,820,12,17,44621,64,884,896,913,45534
62,804,10,16,44228,62,866,876,892,45120
63,805,10,20,44417,63,868,878,898,45315
58,793,12,17,44445,58,851,863,880,45325
64,815,11,17,45163,64,879,890,907,46070
62,802,11,19,45104,62,864,875,894,45998
66,807,11,16,44279,66,873,884,900,45179
68,799,10,16,44579,68,867,877,893,45472
67,803,10,17,44404,67,870,880,897,45301
61,793,11,20,50481,61,854,865,885,51366
70,799,13,16,44317,70,869,882,898,45215
58,847,13,17,44486,58,905,918,935,45421
69,837,13,21,44725,69,906,919,940,45665
61,860,12,18,44192,61,921,933,951,45143
68,805,11,17,44339,68,873,884,901,45240
62,833,12,18,44529,62,895,907,925,45454
63,836,13,18,54854,63,899,912,930,55784
58,822,11,17,45745,58,880,891,908,46653
68,825,11,18,45319,68,893,904,922,46241
69,820,11,17,45519,69,889,900,917,46436
69,841,12,21,44497,69,910,922,943,45440
61,841,12,17,45637,61,902,914,931,46568
66,840,14,17,44494,66,906,920,937,45431
62,833,12,17,45325,62,895,907,924,46249
62,810,11,20,44286,62,872,883,903,45189
62,806,12,16,45246,62,868,880,896,46142
57,807,11,18,45421,57,864,875,893,46314
63,852,13,17,44424,63,915,928,945,45369
71,822,13,18,44275,71,893,906,924,45199
62,821,12,17,44760,62,883,895,912,45672
68,834,13,17,44606,68,902,915,932,45538
62,804,11,19,44397,62,866,877,896,45293
60,807,11,17,44251,60,867,878,895,45146
69,820,12,17,44415,69,889,901,918,45333
59,823,11,17,50374,59,882,893,910,51284
56,795,11,17,44280,56,851,862,879,45159
62,797,11,18,45222,62,859,870,888,46110
57,820,13,17,44256,57,877,890,907,45163
64,797,10,20,44349,64,861,871,891,45240
61,815,12,16,45446,61,876,888,904,46350
65,807,12,20,44531,65,872,884,904,45435
77,816,12,22,45043,77,893,905,927,45970
59,795,10,17,44507,59,854,864,881,45388
58,811,12,17,44111,58,869,881,898,45009
68,813,11,18,44397,68,881,892,910,45307
67,792,12,17,44111,67,859,871,888,44999
66,859,22,18,44391,66,925,947,965,45356
72,813,13,16,45237,72,885,898,914,46151
65,794,13,17,44448,65,859,872,889,45337
62,812,13,17,44122,62,874,887,904,45026
61,824,12,18,44545,61,885,897,915,45460
62,831,12,18,45072,62,893,905,923,45995
60,822,11,18,45075,60,882,893,911,45986
66,819,12,17,44458,66,885,897,914,45372
