args_parsing,module_init,preopen,landlock,running,args_parsing_c,module_init_c,preopen_c,landlock_c,running_c
78,825,13,35,45092,78,903,916,951,46043
71,808,13,35,44664,71,879,892,927,45591
78,821,14,36,44525,78,899,913,949,45474
75,801,12,36,45432,75,876,888,924,46356
75,788,13,34,45572,75,863,876,910,46482
74,820,14,36,44893,74,894,908,944,45837
82,822,12,36,44656,82,904,916,952,45608
74,810,12,37,44257,74,884,896,933,45190
84,797,12,35,44903,84,881,893,928,45831
70,796,14,35,45632,70,866,880,915,46547
81,868,14,35,44229,81,949,963,998,45227
79,800,12,35,51038,79,879,891,926,51964
72,789,11,36,45697,72,861,872,908,46605
69,804,13,34,45429,69,873,886,920,46349
79,806,12,36,44391,79,885,897,933,45324
74,819,12,35,44372,74,893,905,940,45312
100,798,12,34,44402,100,898,910,944,45346
83,799,12,38,44522,83,882,894,932,45454
87,810,12,36,45285,87,897,909,945,46230
69,815,13,36,44696,69,884,897,933,45629
74,799,11,37,45311,74,873,884,921,46232
75,807,12,35,44480,75,882,894,929,45409
77,818,14,35,44814,77,895,909,944,45758
78,798,13,36,44614,78,876,889,925,45539
71,809,11,36,45498,71,880,891,927,46425
78,787,12,36,44502,78,865,877,913,45415
85,817,12,34,44420,85,902,914,948,45368
86,882,19,38,45649,86,968,987,1025,46674
76,797,14,35,44697,76,873,887,922,45619
68,822,13,37,45384,68,890,903,940,46324
84,789,12,35,44424,84,873,885,920,45344
69,794,11,36,44237,69,863,874,910,45147
68,793,12,35,44228,68,861,873,908,45136
73,788,10,35,44202,73,861,871,906,45108
82,791,11,36,45061,82,873,884,920,45981
76,836,14,36,44353,76,912,926,962,45315
69,817,13,37,50371,69,886,899,936,51307
81,777,10,35,45063,81,858,868,903,45966
70,805,13,36,44157,70,875,888,924,45081
74,793,13,45,44732,74,867,880,925,45657
102,785,10,35,44463,102,887,897,932,45395
75,798,12,36,44547,75,873,885,921,45468
70,799,13,36,44471,70,869,882,918,45389
74,796,12,37,44588,74,870,882,919,45507
83,790,12,35,52744,83,873,885,920,53664
67,811,13,36,45528,67,878,891,927,46455
67,805,14,35,45543,67,872,886,921,46464
109,794,11,33,45283,109,903,914,947,46230
85,802,13,92,44602,85,887,900,992,45594
67,796,13,35,45102,67,863,876,911,46013
77,791,13,36,44607,77,868,881,917,45524
78,805,13,36,45357,78,883,896,932,46289
70,829,15,37,44490,70,899,914,951,45441
85,818,12,36,44281,85,903,915,951,45232
75,788,13,35,44668,75,863,876,911,45579
77,797,12,36,45473,77,874,886,922,46395
76,817,12,43,44725,76,893,905,948,45673
84,872,13,35,44360,84,956,969,1004,45364
77,785,11,34,44141,77,862,873,907,45048
76,781,12,36,45412,76,857,869,905,46317
68,805,13,36,44700,68,873,886,922,45622
76,798,13,36,50447,76,874,887,923,51370
79,806,12,35,44410,79,885,897,932,45342
73,802,11,35,44724,73,875,886,921,45645
84,885,13,35,44584,84,969,982,1017,45601
79,815,13,35,45642,79,894,907,942,46584
74,797,14,34,49967,74,871,885,919,50886
70,789,11,35,44411,70,859,870,905,45316
79,798,12,36,45513,79,877,889,925,46438
68,804,12,36,44597,68,872,884,920,45517
74,810,12,36,45121,74,884,896,932,46053
95,816,12,35,44787,95,911,923,958,45745
79,808,14,38,44487,79,887,901,939,45426
73,797,12,36,44520,73,870,882,918,45438
140,800,14,35,45534,140,940,954,989,46523
78,812,13,35,44480,78,890,903,938,45418
70,792,11,37,44893,70,862,873,910,45803
75,786,12,35,44542,75,861,873,908,45450
69,808,12,51,44260,69,877,889,940,45200
69,880,13,37,44366,69,949,962,999,45365
70,811,12,36,45251,70,881,893,929,46180
73,789,13,37,45544,73,862,875,912,46456
72,795,12,36,44722,72,867,879,915,45637
73,790,12,34,45332,73,863,875,909,46241
75,793,11,36,45089,75,868,879,915,46004
80,814,11,36,44966,80,894,905,941,45907
73,854,12,36,45592,73,927,939,975,46567
75,811,14,35,44529,75,886,900,935,45464
71,805,12,36,44283,71,876,888,924,45207
71,802,13,35,44613,71,873,886,921,45534
79,802,13,36,44760,79,881,894,930,45690
86,797,12,35,44622,86,883,895,930,45552
78,790,11,35,45254,78,868,879,914,46168
74,805,21,35,45556,74,879,900,935,46491
79,797,11,51,44328,79,876,887,938,45266
84,792,11,35,44887,84,876,887,922,45809
76,779,11,37,44738,76,855,866,903,45641
79,820,14,38,45000,79,899,913,951,45951
70,834,14,36,44567,70,904,918,954,45521
93,815,14,37,44557,93,908,922,959,45516
