args_parsing,module_init,preopen,landlock,running,args_parsing_c,module_init_c,preopen_c,landlock_c,running_c
66,810,12,17,44670,66,876,888,905,45575
63,802,10,19,45593,63,865,875,894,46487
65,817,15,24,44738,65,882,897,921,45659
59,820,12,17,44425,59,879,891,908,45333
61,801,12,18,47434,61,862,874,892,48326
65,821,13,17,50930,65,886,899,916,51846
62,809,11,17,44941,62,871,882,899,45840
59,884,13,17,44190,59,943,956,973,45163
73,883,12,18,44652,73,956,968,986,45638
73,801,10,18,44674,73,874,884,902,45576
59,812,12,19,44205,59,871,883,902,45107
63,829,11,17,45646,63,892,903,920,46566
67,816,12,18,44663,67,883,895,913,45576
61,816,11,16,44349,61,877,888,904,45253
64,804,11,20,44567,64,868,879,899,45466
64,804,11,20,44329,64,868,879,899,45228
63,797,10,16,44368,63,860,870,886,45254
71,892,12,17,44409,71,963,975,992,45401
72,884,14,17,44132,72,956,970,987,45119
60,805,12,18,44626,60,865,877,895,45521
64,803,11,21,44491,64,867,878,899,45390
63,895,14,16,44277,63,958,972,988,45265
72,809,11,17,44404,72,881,892,909,45313
90,800,11,17,45266,90,890,901,918,46184
72,827,12,19,44111,72,899,911,930,45041
68,836,12,17,44503,68,904,916,933,45436
70,821,11,18,46119,70,891,902,920,47039
65,823,13,20,44558,65,888,901,921,45479
65,803,10,17,44421,65,868,878,895,45316
61,808,11,18,44254,61,869,880,898,45152
67,800,11,20,50359,67,867,878,898,51257
64,821,13,19,44229,64,885,898,917,45146
66,798,10,17,44627,66,864,874,891,45518
61,814,11,18,44176,61,875,886,904,45080
60,806,13,17,45070,60,866,879,896,45966
64,799,11,20,44454,64,863,874,894,45348
60,801,11,18,44460,60,861,872,890,45350
67,811,12,18,44461,67,878,890,908,45369
71,807,11,17,44956,71,878,889,906,45862
58,815,11,18,44519,58,873,884,902,45421
60,799,12,17,49420,60,859,871,888,50308
62,838,13,18,44736,62,900,913,931,45667
65,825,11,20,44414,65,890,901,921,45335
59,834,12,18,44362,59,893,905,923,45285
69,805,11,16,44313,69,874,885,901,45214
62,814,11,17,44305,62,876,887,904,45209
63,807,11,17,45097,63,870,881,898,45995
69,788,10,17,45327,69,857,867,884,46211
66,817,11,16,44254,66,883,894,910,45164
68,799,11,19,45441,68,867,878,897,46338
70,802,11,20,44474,70,872,883,903,45377
66,804,11,18,45613,66,870,881,899,46512
58,790,11,16,44436,58,848,859,875,45311
67,798,11,17,45376,67,865,876,893,46269
64,803,14,22,44543,64,867,881,903,45446
60,801,11,17,50290,60,861,872,889,51179
68,800,12,16,44375,68,868,880,896,45271
65,802,13,18,44630,65,867,880,898,45528
58,805,12,17,44374,58,863,875,892,45266
73,822,12,18,44268,73,895,907,925,45193
63,841,12,18,44293,63,904,916,934,45227
73,884,13,17,45270,73,957,970,987,46257
67,807,11,19,44246,67,874,885,904,45150
66,829,11,20,44590,66,895,906,926,45516
63,820,11,17,44283,63,883,894,911,45194
61,893,11,17,49918,61,954,965,982,50900
66,810,11,18,44476,66,876,887,905,45381
69,881,13,18,44432,69,950,963,981,45413
64,877,12,19,44470,64,941,953,972,45442
61,819,12,17,44190,61,880,892,909,45099
159,808,12,19,48624,159,967,979,998,49622
59,818,11,18,45134,59,877,888,906,46040
63,817,10,18,44467,63,880,890,908,45375
59,799,13,16,44286,59,858,871,887,45173
59,819,12,17,44046,59,878,890,907,44953
73,803,11,17,45018,73,876,887,904,45922
65,804,11,20,44352,65,869,880,900,45252
58,812,10,18,44349,58,870,880,898,45247
81,1000,19,21,44173,81,1081,1100,1121,45294
60,806,11,17,44059,60,866,877,894,44953
65,803,12,19,50264,65,868,880,899,51163
75,877,12,18,44475,75,952,964,982,45457
65,819,11,17,45659,65,884,895,912,46571
63,816,12,21,44442,63,879,891,912,45354
60,820,12,17,45351,60,880,892,909,46260
64,820,11,17,44648,64,884,895,912,45560
60,802,11,17,45439,60,862,873,890,46329
64,830,12,17,44525,64,894,906,923,45448
59,824,12,18,44296,59,883,895,913,45209
65,839,11,20,44261,65,904,915,935,45196
63,802,12,18,44319,63,865,877,895,45214
63,829,11,18,44383,63,892,903,921,45304
61,828,12,17,44341,61,889,901,918,45259
59,835,13,17,44493,59,894,907,924,45417
64,807,39,17,44275,64,871,910,927,45202
64,868,12,18,45531,64,932,944,962,46493
66,805,12,20,44530,66,871,883,903,45433
61,820,13,16,50621,61,881,894,910,51531
64,851,13,17,44171,64,915,928,945,45116
59,829,11,16,44209,59,888,899,915,45124
