args_parsing,module_init,preopen,landlock,running,args_parsing_c,module_init_c,preopen_c,landlock_c,running_c
69,800,11,17,44751,69,869,880,897,45648
70,804,12,17,46864,70,874,886,903,47767
68,794,10,21,44339,68,862,872,893,45232
63,791,10,17,45060,63,854,864,881,45941
68,864,11,17,47954,68,932,943,960,48914
71,810,11,16,44332,71,881,892,908,45240
62,807,102,18,44423,62,869,971,989,45412
100,888,14,21,45330,100,988,1002,1023,46353
66,797,11,20,44227,66,863,874,894,45121
65,819,12,17,44368,65,884,896,913,45281
58,825,13,18,45182,58,883,896,914,46096
63,797,11,17,44795,63,860,871,888,45683
71,808,12,18,44265,71,879,891,909,45174
72,882,13,17,44760,72,954,967,984,45744
65,879,12,17,45755,65,944,956,973,46728
63,799,13,17,44334,63,862,875,892,45226
61,820,13,18,44960,61,881,894,912,45872
69,803,10,17,44399,69,872,882,899,45298
59,886,13,18,46606,59,945,958,976,47582
70,902,13,17,45590,70,972,985,1002,46592
61,798,12,18,44580,61,859,871,889,45469
60,864,12,17,46575,60,924,936,953,47528
73,790,11,16,45100,73,863,874,890,45990
64,803,13,17,44783,64,867,880,897,45680
64,891,13,17,45313,64,955,968,985,46298
67,790,10,17,44174,67,857,867,884,45058
65,825,12,17,44553,65,890,902,919,45472
58,868,12,17,44576,58,926,938,955,45531
64,945,15,21,45316,64,1009,1024,1045,46361
62,814,11,19,45220,62,876,887,906,46126
67,799,11,16,44224,67,866,877,893,45117
83,865,18,24,45241,83,948,966,990,46231
67,819,11,18,44395,67,886,897,915,45310
64,803,11,20,45364,64,867,878,898,46262
64,818,12,17,46116,64,882,894,911,47027
62,886,14,18,45386,62,948,962,980,46366
59,802,12,17,44304,59,861,873,890,45194
70,810,10,17,44179,70,880,890,907,45086
67,793,11,17,44488,67,860,871,888,45376
64,814,11,17,44154,64,878,889,906,45060
61,797,12,17,45432,61,858,870,887,46319
60,790,15,22,44315,60,850,865,887,45202
65,815,12,21,44431,65,880,892,913,45344
59,835,12,18,50102,59,894,906,924,51026
62,822,11,17,45856,62,884,895,912,46768
70,787,11,16,45336,70,857,868,884,46220
73,865,11,17,44052,73,938,949,966,45018
73,843,13,18,44587,73,916,929,947,45534
66,840,13,19,44936,66,906,919,938,45874
61,809,11,17,44372,61,870,881,898,45270
67,823,12,16,44920,67,890,902,918,45838
61,888,14,18,45373,61,949,963,981,46354
61,816,13,16,45033,61,877,890,906,45939
67,792,10,17,44705,67,859,869,886,45591
67,794,12,19,44180,67,861,873,892,45072
63,798,10,16,44308,63,861,871,887,45195
63,794,11,19,44268,63,857,868,887,45155
69,796,12,17,44701,69,865,877,894,45595
61,793,12,17,44457,61,854,866,883,45340
59,793,10,17,45245,59,852,862,879,46124
69,811,11,17,44850,69,880,891,908,45758
69,803,12,16,45143,69,872,884,900,46043
57,820,11,17,44471,57,877,888,905,45376
62,798,11,17,44512,62,860,871,888,45400
61,813,11,17,44241,61,874,885,902,45143
73,811,11,18,45065,73,884,895,913,45978
61,800,11,16,44828,61,861,872,888,45716
69,796,11,17,44405,69,865,876,893,45298
69,861,15,18,49116,69,930,945,963,50079
64,802,19,18,44540,64,866,885,903,45443
65,821,13,18,44214,65,886,899,917,45131
59,781,9,17,45415,59,840,849,866,46281
60,818,12,17,45514,60,878,890,907,46421
70,790,10,17,47493,70,860,870,887,48380
65,820,14,18,44198,65,885,899,917,45115
63,791,12,18,44773,63,854,866,884,45657
60,808,13,18,44441,60,868,881,899,45340
59,801,10,17,44982,59,860,870,887,45869
69,813,12,17,44446,69,882,894,911,45357
64,804,11,16,45132,64,868,879,895,46027
63,800,11,20,45015,63,863,874,894,45909
59,805,10,18,44257,59,864,874,892,45149
74,804,12,17,44704,74,878,890,907,45611
63,801,12,17,45562,63,864,876,893,46455
92,1002,18,24,45831,92,1094,1112,1136,46967
64,790,11,18,44788,64,854,865,883,45671
66,820,11,18,45610,66,886,897,915,46525
64,815,11,19,44787,64,879,890,909,45696
56,871,11,16,44531,56,927,938,954,45485
62,817,11,19,45373,62,879,890,909,46282
58,818,11,17,44550,58,876,887,904,45454
65,802,12,17,45067,65,867,879,896,45963
59,809,10,18,44323,59,868,878,896,45219
64,911,20,20,44220,64,975,995,1015,45235
63,800,11,18,44415,63,863,874,892,45307
63,795,12,18,44503,63,858,870,888,45391
66,804,12,18,44466,66,870,882,900,45366
66,799,12,20,44438,66,865,877,897,45335
68,816,13,19,45222,68,884,897,916,46138
58,800,11,17,45665,58,858,869,886,46551
