args_parsing,module_init,preopen,landlock,running,args_parsing_c,module_init_c,preopen_c,landlock_c,running_c
67,798,12,112,44565,67,865,877,989,45554
77,813,12,29,45408,77,890,902,931,46339
68,805,11,28,44332,68,873,884,912,45244
70,802,11,28,44394,70,872,883,911,45305
79,874,14,28,49515,79,953,967,995,50510
71,794,12,150,44247,71,865,877,1027,45274
74,802,13,28,44174,74,876,889,917,45091
76,803,13,29,44470,76,879,892,921,45391
74,813,12,30,44707,74,887,899,929,45636
70,799,11,28,44944,70,869,880,908,45852
149,805,11,29,44357,149,954,965,994,45351
81,779,11,28,50332,81,860,871,899,51231
72,812,12,34,45358,72,884,896,930,46288
81,806,11,30,44253,81,887,898,928,45181
67,805,11,31,45444,67,872,883,914,46358
153,789,12,28,45327,153,942,954,982,46309
77,802,12,29,44277,77,879,891,920,45197
66,792,11,29,44568,66,858,869,898,45466
82,795,13,28,45491,82,877,890,918,46409
65,799,13,30,45421,65,864,877,907,46328
72,861,18,51,45915,72,933,951,1002,46917
78,887,13,30,55399,78,965,978,1008,56407
71,793,12,29,44484,71,864,876,905,45389
71,796,11,28,44954,71,867,878,906,45860
82,811,12,27,44883,82,893,905,932,45815
71,785,11,29,46428,71,856,867,896,47324
79,804,11,30,46749,79,883,894,924,47673
67,799,12,29,44331,67,866,878,907,45238
68,794,11,28,45301,68,862,873,901,46202
69,820,21,30,44377,69,889,910,940,45317
66,817,12,28,44676,66,883,895,923,45599
77,796,11,29,45064,77,873,884,913,45977
72,783,10,31,44343,72,855,865,896,45239
66,788,12,27,44575,66,854,866,893,45468
74,794,12,28,45557,74,868,880,908,46465
71,797,13,29,45289,71,868,881,910,46199
77,793,12,31,51653,77,870,882,913,52566
131,807,11,28,44880,131,938,949,977,45857
78,786,11,28,44513,78,864,875,903,45416
98,781,10,28,44867,98,879,889,917,45784
83,785,12,30,45210,83,868,880,910,46120
68,800,13,28,44466,68,868,881,909,45375
75,804,12,28,44438,75,879,891,919,45357
66,801,12,29,44535,66,867,879,908,45443
82,803,13,28,44253,82,885,898,926,45179
71,802,12,28,45277,71,873,885,913,46190
93,786,12,30,45451,93,879,891,921,46372
66,818,13,28,44458,66,884,897,925,45383
77,829,13,29,44439,77,906,919,948,45387
71,807,11,28,44215,71,878,889,917,45132
71,814,13,28,44802,71,885,898,926,45728
82,803,14,28,44382,82,885,899,927,45309
68,788,11,28,44555,68,856,867,895,45450
66,797,13,28,45740,66,863,876,904,46644
67,815,13,31,45156,67,882,895,926,46082
69,783,12,28,44603,69,852,864,892,45495
72,808,12,29,44684,72,880,892,921,45605
72,807,11,28,44818,72,879,890,918,45736
66,783,12,28,44325,66,849,861,889,45214
69,789,20,29,44270,69,858,878,907,45177
68,808,13,28,44610,68,876,889,917,45527
79,794,12,30,50441,79,873,885,915,51356
72,806,10,33,44827,72,878,888,921,45748
74,805,12,27,44254,74,879,891,918,45172
72,814,12,27,44388,72,886,898,925,45313
72,787,10,32,44966,72,859,869,901,45867
72,792,12,28,45259,72,864,876,904,46163
74,808,11,29,44726,74,882,893,922,45648
77,814,12,27,44510,77,891,903,930,45440
77,803,12,28,44925,77,880,892,920,45845
80,794,12,28,44271,80,874,886,914,45185
79,804,13,27,44963,79,883,896,923,45886
80,795,11,29,44762,80,875,886,915,45677
70,783,11,28,45383,70,853,864,892,46275
68,793,11,28,44368,68,861,872,900,45268
72,800,13,33,44754,72,872,885,918,45672
71,790,12,28,44167,71,861,873,901,45068
75,799,104,30,46328,75,874,978,1008,47336
65,799,12,28,50209,65,864,876,904,51113
72,800,13,29,44616,72,872,885,914,45530
73,806,11,32,45596,73,879,890,922,46518
79,799,12,29,44655,79,878,890,919,45574
74,800,12,28,45055,74,874,886,914,45969
92,810,10,30,45463,92,902,912,942,46405
82,844,14,29,45101,82,926,940,969,46070
72,810,13,32,45828,72,882,895,927,46755
66,800,11,29,50349,66,866,877,906,51255
73,801,13,32,44925,73,874,887,919,45844
69,806,13,30,45437,69,875,888,918,46355
69,804,13,28,44264,69,873,886,914,45178
67,794,12,28,44804,67,861,873,901,45705
71,812,14,30,45586,71,883,897,927,46513
77,828,13,28,44992,77,905,918,946,45938
69,821,12,30,47014,69,890,902,932,47946
102,792,11,28,44632,102,894,905,933,45565
66,786,10,29,44281,66,852,862,891,45172
76,820,12,29,44446,76,896,908,937,45383
68,864,13,27,44258,68,932,945,972,45230
89,871,15,30,45266,89,960,975,1005,46271
79,799,11,28,45000,79,878,889,917,45917
