args_parsing,module_init,preopen,landlock,running,args_parsing_c,module_init_c,preopen_c,landlock_c,running_c
66,803,12,17,45035,66,869,881,898,45933
68,816,13,17,44539,68,884,897,914,45453
58,828,13,17,45147,58,886,899,916,46063
62,808,11,16,44168,62,870,881,897,45065
59,848,13,18,44227,59,907,920,938,45165
68,836,12,18,48382,68,904,916,934,49316
59,826,11,18,45331,59,885,896,914,46245
58,830,12,17,44180,58,888,900,917,45097
67,817,11,17,44328,67,884,895,912,45240
72,805,11,19,44092,72,877,888,907,44999
59,826,12,34,45240,59,885,897,931,46171
58,829,12,18,45329,58,887,899,917,46246
59,818,10,16,44230,59,877,887,903,45133
57,841,11,18,44205,57,898,909,927,45132
59,830,11,17,44410,59,889,900,917,45327
63,811,12,17,45240,63,874,886,903,46143
67,853,15,19,45017,67,920,935,954,45971
66,850,12,17,45033,66,916,928,945,45978
64,811,11,20,45770,64,875,886,906,46676
62,800,12,17,45233,62,862,874,891,46124
63,814,11,17,44737,63,877,888,905,45642
58,794,11,17,44117,58,852,863,880,44997
60,797,12,18,45098,60,857,869,887,45985
62,826,13,16,44886,62,888,901,917,45803
71,806,11,16,44785,71,877,888,904,45689
62,793,10,16,44820,62,855,865,881,45701
63,840,12,17,45578,63,903,915,932,46510
66,888,12,18,45484,66,954,966,984,46468
66,811,11,20,45141,66,877,888,908,46049
58,797,11,17,44537,58,855,866,883,45420
64,796,11,17,45377,64,860,871,888,46265
59,838,14,17,44250,59,897,911,928,45178
59,830,12,17,44619,59,889,901,918,45537
58,806,12,18,45292,58,864,876,894,46186
66,891,14,18,44327,66,957,971,989,45316
69,802,13,17,44568,69,871,884,901,45469
59,810,11,16,44169,59,869,880,896,45065
59,835,15,18,45318,59,894,909,927,46245
61,794,10,18,45436,61,855,865,883,46319
63,810,11,18,44775,63,873,884,902,45677
58,800,11,18,44394,58,858,869,887,45281
68,792,11,18,44254,68,860,871,889,45143
60,798,11,17,45393,60,858,869,886,46279
59,810,10,17,44232,59,869,879,896,45128
67,828,13,17,44491,67,895,908,925,45416
58,807,11,18,44634,58,865,876,894,45528
58,803,10,16,45524,58,861,871,887,46411
77,809,13,20,45325,77,886,899,919,46244
64,816,11,22,45144,64,880,891,913,46057
62,812,12,17,44315,62,874,886,903,45218
63,793,11,18,44422,63,856,867,885,45307
66,821,11,20,44166,66,887,898,918,45084
58,794,12,17,45285,58,852,864,881,46166
58,798,13,18,45035,58,856,869,887,45922
60,797,13,17,44368,60,857,870,887,45255
63,802,10,18,44916,63,865,875,893,45809
65,818,12,19,44392,65,883,895,914,45306
68,830,12,18,44403,68,898,910,928,45331
60,787,9,16,45077,60,847,856,872,45949
72,804,11,18,44349,72,876,887,905,45254
57,794,11,17,44223,57,851,862,879,45102
62,803,11,20,44458,62,865,876,896,45354
63,833,11,17,44428,63,896,907,924,45352
65,831,13,18,45534,65,896,909,927,46461
67,854,12,18,44432,67,921,933,951,45383
58,827,11,18,45332,58,885,896,914,46246
64,834,12,20,44205,64,898,910,930,45135
67,801,12,17,45212,67,868,880,897,46109
66,818,14,21,45019,66,884,898,919,45938
67,806,10,18,44404,67,873,883,901,45305
61,795,11,16,44318,61,856,867,883,45201
66,794,11,20,44612,66,860,871,891,45503
64,790,12,17,44198,64,854,866,883,45081
63,808,11,17,45465,63,871,882,899,46364
63,888,12,21,44230,63,951,963,984,45214
64,868,14,17,44700,64,932,946,963,45663
61,834,12,18,44582,61,895,907,925,45507
66,843,12,19,44932,66,909,921,940,45872
63,826,12,22,44956,63,889,901,923,45879
62,841,21,20,45396,62,903,924,944,46340
60,828,12,17,44310,60,888,900,917,45227
66,801,12,18,44373,66,867,879,897,45270
139,809,11,17,44193,139,948,959,976,45169
87,1030,23,25,47049,87,1117,1140,1165,48214
58,801,10,17,44463,58,859,869,886,45349
61,828,12,17,44321,61,889,901,918,45239
70,829,11,17,44384,70,899,910,927,45311
60,799,11,17,44304,60,859,870,887,45191
65,822,11,17,44932,65,887,898,915,45847
67,809,12,18,44611,67,876,888,906,45517
60,834,12,17,44552,60,894,906,923,45475
68,914,15,18,44290,68,982,997,1015,45305
59,798,10,17,44460,59,857,867,884,45344
60,799,13,18,45506,60,859,872,890,46396
62,836,13,17,44571,62,898,911,928,45499
58,807,13,18,44703,58,865,878,896,45599
62,794,11,16,44247,62,856,867,883,45130
67,799,10,17,44724,67,866,876,893,45617
69,806,12,18,44687,69,875,887,905,45592
60,803,12,18,45031,60,863,875,893,45924
