args_parsing,module_init,preopen,landlock,running,args_parsing_c,module_init_c,preopen_c,landlock_c,running_c
62,810,11,18,44145,62,872,883,901,45046
63,828,13,17,44363,63,891,904,921,45284
60,845,13,18,44411,60,905,918,936,45347
70,831,15,18,44312,70,901,916,934,45246
65,805,10,17,45273,65,870,880,897,46170
58,818,11,18,47140,58,876,887,905,48045
66,804,12,20,48648,66,870,882,902,49550
98,820,11,17,44323,98,918,929,946,45269
64,831,13,17,44790,64,895,908,925,45715
60,804,11,17,44285,60,864,875,892,45177
64,816,10,19,44451,64,880,890,909,45360
73,807,11,17,44510,73,880,891,908,45418
58,828,12,16,44609,58,886,898,914,45523
64,811,12,18,44569,64,875,887,905,45474
69,810,12,17,50627,69,879,891,908,51535
68,790,10,17,44119,68,858,868,885,45004
63,804,11,17,44710,63,867,878,895,45605
64,815,11,17,44549,64,879,890,907,45456
69,818,14,17,45426,69,887,901,918,46344
66,834,12,16,44405,66,900,912,928,45333
65,816,13,21,45069,65,881,894,915,45984
63,805,99,18,44442,63,868,967,985,45427
74,894,13,18,44504,74,968,981,999,45503
71,799,11,16,44185,71,870,881,897,45082
66,800,12,16,44335,66,866,878,894,45229
61,857,13,18,44716,61,918,931,949,45665
66,814,11,20,44355,66,880,891,911,45266
65,864,13,16,44906,65,929,942,958,45864
60,804,10,17,44821,60,864,874,891,45712
64,820,12,18,45211,64,884,896,914,46125
58,800,10,17,50893,58,858,868,885,51778
68,811,11,18,44303,68,879,890,908,45211
65,793,11,20,44224,65,858,869,889,45113
61,794,10,17,45730,61,855,865,882,46612
79,816,16,17,44181,79,895,911,928,45109
59,816,10,17,44263,59,875,885,902,45165
64,799,10,19,44991,64,863,873,892,45883
68,841,14,21,44160,68,909,923,944,45104
64,791,11,20,45271,64,855,866,886,46157
70,874,14,19,49669,70,944,958,977,50646
66,801,10,18,44434,66,867,877,895,45329
64,821,12,17,44291,64,885,897,914,45205
66,823,13,19,44525,66,889,902,921,45446
65,819,11,20,45086,65,884,895,915,46001
60,818,12,18,46568,60,878,890,908,47476
60,807,11,17,44300,60,867,878,895,45195
64,800,12,19,44303,64,864,876,895,45198
59,819,11,17,44370,59,878,889,906,45276
60,800,12,17,44528,60,860,872,889,45417
62,827,11,19,44648,62,889,900,919,45567
65,793,11,16,44843,65,858,869,885,45728
63,797,11,18,45196,63,860,871,889,46085
74,827,12,18,44694,74,901,913,931,45625
68,806,12,18,44542,68,874,886,904,45446
70,803,11,17,45516,70,873,884,901,46417
67,832,13,18,49999,67,899,912,930,50929
61,825,12,16,44374,61,886,898,914,45288
69,820,11,18,45224,69,889,900,918,46142
65,798,11,19,44819,65,863,874,893,45712
57,802,11,19,44664,57,859,870,889,45553
61,849,14,18,44403,61,910,924,942,45345
68,811,11,18,44273,68,879,890,908,45181
59,801,11,18,44674,59,860,871,889,45563
66,829,12,20,44572,66,895,907,927,45499
59,870,12,18,44825,59,929,941,959,45784
71,799,11,17,44462,71,870,881,898,45360
65,800,10,19,45070,65,865,875,894,45964
59,804,10,16,44113,59,863,873,889,45002
66,804,10,17,45393,66,870,880,897,46290
73,786,10,16,44294,73,859,869,885,45179
64,826,12,18,44123,64,890,902,920,45043
70,805,10,18,44286,70,875,885,903,45189
66,804,11,18,44417,66,870,881,899,45316
72,794,10,17,45100,72,866,876,893,45993
66,837,12,18,45163,66,903,915,933,46096
62,799,9,17,44289,62,861,870,887,45176
65,797,11,19,44596,65,862,873,892,45488
66,812,12,18,45486,66,878,890,908,46394
69,803,11,17,44718,69,872,883,900,45618
64,799,10,17,44163,64,863,873,890,45053
64,810,11,19,50248,64,874,885,904,51152
60,802,12,17,44703,60,862,874,891,45594
64,803,11,18,44539,64,867,878,896,45435
59,802,10,16,44660,59,861,871,887,45547
70,817,12,18,45279,70,887,899,917,46196
61,807,11,18,44276,61,868,879,897,45173
70,815,13,18,44551,70,885,898,916,45467
65,886,16,17,44778,65,951,967,984,45762
215,811,12,18,45069,215,1026,1038,1056,46125
75,799,11,16,44594,75,874,885,901,45495
69,808,13,17,44737,69,877,890,907,45644
68,794,10,17,44678,68,862,872,889,45567
71,805,11,17,44164,71,876,887,904,45068
72,804,11,17,45382,72,876,887,904,46286
67,821,11,20,45716,67,888,899,919,46635
62,795,10,55,45180,62,857,867,922,46102
62,797,11,17,44092,62,859,870,887,44979
62,806,10,17,44662,62,868,878,895,45557
63,812,11,18,45402,63,875,886,904,46306
60,808,12,18,44242,60,868,880,898,45140
