args_parsing,module_init,preopen,landlock,running,args_parsing_c,module_init_c,preopen_c,landlock_c,running_c
65,792,12,26,45341,65,857,869,895,46236
69,786,11,26,44390,69,855,866,892,45282
70,817,13,26,44748,70,887,900,926,45674
63,812,12,25,45595,63,875,887,912,46507
76,790,10,25,45337,76,866,876,901,46238
72,789,10,25,45503,72,861,871,896,46399
68,803,14,26,44346,68,871,885,911,45257
69,799,11,28,45740,69,868,879,907,46647
73,806,12,26,44589,73,879,891,917,45506
65,786,11,25,45775,65,851,862,887,46662
74,863,17,31,44601,74,937,954,985,45586
103,776,10,25,44843,103,879,889,914,45757
69,840,14,26,45387,69,909,923,949,46336
71,813,11,27,44580,71,884,895,922,45502
70,853,12,24,44665,70,923,935,959,45624
74,805,11,24,44352,74,879,890,914,45266
70,825,12,27,44498,70,895,907,934,45432
71,891,21,38,44513,71,962,983,1021,45534
71,792,11,25,44681,71,863,874,899,45580
65,807,11,26,44623,65,872,883,909,45532
70,784,10,25,44611,70,854,864,889,45500
70,789,11,26,45181,70,859,870,896,46077
65,800,12,26,44845,65,865,877,903,45748
76,798,11,24,44503,76,874,885,909,45412
78,884,15,27,44323,78,962,977,1004,45327
77,881,13,26,45596,77,958,971,997,46593
68,793,11,24,44750,68,861,872,896,45646
66,794,12,26,44552,66,860,872,898,45450
73,792,11,25,44474,73,865,876,901,45375
64,859,11,25,44360,64,923,934,959,45319
65,817,12,27,44919,65,882,894,921,45840
80,778,10,26,45464,80,858,868,894,46358
64,791,19,27,45207,64,855,874,901,46108
78,790,11,29,44501,78,868,879,908,45409
69,822,11,29,45466,69,891,902,931,46397
66,833,12,26,44961,66,899,911,937,45898
75,793,12,26,49850,75,868,880,906,50756
64,823,12,25,44473,64,887,899,924,45397
64,805,11,27,45460,64,869,880,907,46367
64,825,12,27,46058,64,889,901,928,46986
65,807,12,25,44634,65,872,884,909,45543
74,803,11,24,44570,74,877,888,912,45482
70,798,10,29,44949,70,868,878,907,45856
72,821,12,29,45491,72,893,905,934,46425
74,791,11,27,44334,74,865,876,903,45237
73,813,11,25,44176,73,886,897,922,45098
75,811,11,26,44744,75,886,897,923,45667
64,813,11,26,44442,64,877,888,914,45356
64,813,12,27,44457,64,877,889,916,45373
84,858,14,26,45766,84,942,956,982,46748
79,799,10,27,44407,79,878,888,915,45322
75,786,12,26,44360,75,861,873,899,45259
68,784,12,28,45329,68,852,864,892,46221
65,795,12,26,44798,65,860,872,898,45696
74,786,12,25,45590,74,860,872,897,46487
72,805,11,26,44248,72,877,888,914,45162
75,805,12,26,44108,75,880,892,918,45026
76,809,11,25,44569,76,885,896,921,45490
72,818,11,27,44329,72,890,901,928,45257
67,816,11,25,44697,67,883,894,919,45616
64,796,9,27,44533,64,860,869,896,45429
66,833,13,26,49891,66,899,912,938,50829
79,806,12,26,44445,79,885,897,923,45368
69,892,14,25,45323,69,961,975,1000,46323
71,778,11,24,45212,71,849,860,884,46096
73,801,12,26,45259,73,874,886,912,46171
74,805,11,25,44527,74,879,890,915,45442
63,819,12,25,45556,63,882,894,919,46475
70,816,12,34,44448,70,886,898,932,45380
64,834,12,26,45547,64,898,910,936,46483
66,822,12,26,45076,66,888,900,926,46002
72,807,12,25,45608,72,879,891,916,46524
64,803,11,25,44239,64,867,878,903,45142
81,811,12,26,44513,81,892,904,930,45443
67,787,11,25,44842,67,854,865,890,45732
66,806,13,26,44285,66,872,885,911,45196
72,798,10,26,45783,72,870,880,906,46689
64,840,13,25,44902,64,904,917,942,45844
65,792,11,26,44663,65,857,868,894,45557
70,821,12,26,44583,70,891,903,929,45512
63,800,11,26,45154,63,863,874,900,46054
66,813,12,25,45264,66,879,891,916,46180
64,801,12,26,46593,64,865,877,903,47496
77,790,11,26,44635,77,867,878,904,45539
71,790,13,28,44833,71,861,874,902,45735
70,803,12,24,45213,70,873,885,909,46122
81,794,12,25,51944,81,875,887,912,52856
69,811,11,25,44329,69,880,891,916,45245
64,784,12,26,44115,64,848,860,886,45001
63,833,14,25,44315,63,896,910,935,45250
66,837,14,25,44284,66,903,917,942,45226
68,809,11,25,44457,68,877,888,913,45370
72,828,12,25,44592,72,900,912,937,45529
91,781,11,25,44810,91,872,883,908,45718
78,795,11,26,44355,78,873,884,910,45265
75,789,10,29,44763,75,864,874,903,45666
88,790,11,24,44572,88,878,889,913,45485
63,786,11,26,44443,63,849,860,886,45329
65,812,11,25,44790,65,877,888,913,45703
80,796,11,25,45348,80,876,887,912,46260
