args_parsing,module_init,preopen,landlock,running,args_parsing_c,module_init_c,preopen_c,landlock_c,running_c
77,1199,21,45,45268,77,1276,1297,1342,46610
59,803,12,18,45119,59,862,874,892,46011
62,833,13,18,44163,62,895,908,926,45089
62,821,12,18,50577,62,883,895,913,51490
69,791,11,17,47552,69,860,871,888,48440
75,822,12,18,45093,75,897,909,927,46020
64,814,13,19,45408,64,878,891,910,46318
66,813,11,18,45938,66,879,890,908,46846
68,847,13,17,44408,68,915,928,945,45353
64,812,12,18,44399,64,876,888,906,45305
61,793,11,20,44450,61,854,865,885,45335
63,792,10,16,44456,63,855,865,881,45337
61,801,9,17,44633,61,862,871,888,45521
70,796,11,17,44467,70,866,877,894,45361
63,812,10,18,44887,63,875,885,903,45790
67,811,14,17,45915,67,878,892,909,46824
65,812,13,21,44085,65,877,890,911,44996
63,798,10,18,44919,63,861,871,889,45808
65,797,10,18,45709,65,862,872,890,46599
63,807,12,19,44242,63,870,882,901,45143
65,788,10,16,44678,65,853,863,879,45557
63,802,12,28,44097,63,865,877,905,45002
65,799,10,17,45747,65,864,874,891,46638
69,882,12,17,44277,69,951,963,980,45257
64,792,11,19,44527,64,856,867,886,45413
68,800,11,17,44159,68,868,879,896,45055
64,812,12,17,44181,64,876,888,905,45086
62,876,11,17,44216,62,938,949,966,45182
62,798,11,16,49789,62,860,871,887,50676
63,856,22,18,45316,63,919,941,959,46275
64,801,11,18,44875,64,865,876,894,45769
64,795,10,17,45272,64,859,869,886,46158
59,825,13,18,44739,59,884,897,915,45654
66,889,13,18,45042,66,955,968,986,46028
63,817,13,23,44726,63,880,893,916,45642
60,791,11,17,44380,60,851,862,879,45259
73,803,11,17,44761,73,876,887,904,45665
65,797,10,17,44206,65,862,872,889,45095
64,815,11,21,44153,64,879,890,911,45064
72,802,12,18,44030,72,874,886,904,44934
69,809,12,17,44470,69,878,890,907,45377
64,816,11,16,44365,64,880,891,907,45272
66,817,12,16,46145,66,883,895,911,47056
65,816,11,17,45438,65,881,892,909,46347
63,812,11,16,44290,63,875,886,902,45192
67,819,14,21,44294,67,886,900,921,45215
67,800,12,18,44569,67,867,879,897,45466
69,807,11,21,45113,69,876,887,908,46021
62,817,11,17,45092,62,879,890,907,45999
59,819,11,17,44701,59,878,889,906,45607
58,805,11,18,44487,58,863,874,892,45379
57,810,10,17,44719,57,867,877,894,45613
63,792,10,16,44512,63,855,865,881,45393
63,815,10,20,50739,63,878,888,908,51647
70,807,11,18,44445,70,877,888,906,45351
58,788,10,16,44456,58,846,856,872,45328
66,787,10,17,45021,66,853,863,880,45901
58,811,11,19,44056,58,869,880,899,44955
63,814,11,17,44421,63,877,888,905,45326
62,804,11,17,44582,62,866,877,894,45476
64,795,11,17,44293,64,859,870,887,45180
67,803,13,18,45386,67,870,883,901,46287
70,795,10,17,45251,70,865,875,892,46143
65,802,11,17,44212,65,867,878,895,45107
69,793,10,17,44882,69,862,872,889,45771
70,796,11,17,45636,70,866,877,894,46530
70,808,12,17,44377,70,878,890,907,45284
61,816,12,17,54468,61,877,889,906,55374
66,814,12,16,44594,66,880,892,908,45502
62,810,12,18,44301,62,872,884,902,45203
59,806,10,17,44195,59,865,875,892,45087
66,796,11,19,44443,66,862,873,892,45335
71,814,13,18,45847,71,885,898,916,46763
63,793,9,22,44324,63,856,865,887,45211
59,800,11,16,44327,59,859,870,886,45213
65,823,14,17,44689,65,888,902,919,45608
63,813,12,18,45258,63,876,888,906,46164
68,796,12,17,45215,68,864,876,893,46108
66,788,11,16,50166,66,854,865,881,51047
74,803,11,16,44400,74,877,888,904,45304
58,805,11,17,44697,58,863,874,891,45588
66,804,12,16,45184,66,870,882,898,46082
59,813,11,16,44952,59,872,883,899,45851
68,837,12,18,44578,68,905,917,935,45513
63,813,11,19,45963,63,876,887,906,46869
61,835,13,17,44598,61,896,909,926,45524
72,804,10,17,44258,72,876,886,903,45161
58,864,12,17,44256,58,922,934,951,45207
62,859,12,16,44542,62,921,933,949,45491
68,835,12,18,44318,68,903,915,933,45251
64,820,12,19,44848,64,884,896,915,45763
66,799,12,98,44065,66,865,877,975,45040
63,804,12,17,44441,63,867,879,896,45337
68,803,11,18,44277,68,871,882,900,45177
73,822,12,19,44274,73,895,907,926,45200
65,817,11,17,44540,65,882,893,910,45450
65,809,11,20,44575,65,874,885,905,45480
60,898,15,21,45595,60,958,973,994,46589
63,800,12,18,44445,63,863,875,893,45338
63,810,12,17,44532,63,873,885,902,45434
