args_parsing,module_init,preopen,landlock,running,args_parsing_c,module_init_c,preopen_c,landlock_c,running_c
69,803,13,31,44382,69,872,885,916,45298
70,804,13,31,45618,70,874,887,918,46536
68,806,12,32,44490,68,874,886,918,45408
78,815,13,32,44492,78,893,906,938,45430
72,783,10,32,45321,72,855,865,897,46218
77,774,10,31,46066,77,851,861,892,46958
72,881,17,35,44334,72,953,970,1005,45339
74,819,13,31,44914,74,893,906,937,45851
69,798,11,32,45330,69,867,878,910,46240
69,782,10,32,44593,69,851,861,893,45486
67,794,11,32,44418,67,861,872,904,45322
92,807,12,32,50057,92,899,911,943,51000
79,806,12,32,45234,79,885,897,929,46163
76,806,12,32,44879,76,882,894,926,45805
71,822,12,33,44655,71,893,905,938,45593
73,804,11,34,45561,73,877,888,922,46483
73,801,11,32,45352,73,874,885,917,46269
74,788,11,32,45523,74,862,873,905,46428
76,792,12,32,44108,76,868,880,912,45020
74,793,11,33,45591,74,867,878,911,46502
79,826,16,34,56452,79,905,921,955,57407
73,798,12,32,44326,73,871,883,915,45241
68,787,12,34,44958,68,855,867,901,45859
66,779,11,30,44381,66,845,856,886,45267
68,791,12,34,45283,68,859,871,905,46188
74,804,12,33,46664,74,878,890,923,47587
76,786,12,32,45524,76,862,874,906,46430
72,941,12,32,45134,72,1013,1025,1057,46191
85,807,12,34,45244,85,892,904,938,46182
80,795,11,33,44409,80,875,886,919,45328
75,816,13,33,44679,75,891,904,937,45616
72,797,12,32,44847,72,869,881,913,45760
72,789,12,32,44799,72,861,873,905,45704
67,785,12,31,44706,67,852,864,895,45601
69,796,14,33,44625,69,865,879,912,45537
74,797,11,35,44892,74,871,882,917,45809
85,796,12,31,50411,85,881,893,924,51335
68,785,11,32,45558,68,853,864,896,46454
72,789,12,33,44939,72,861,873,906,45845
69,792,11,32,45155,69,861,872,904,46059
68,805,12,33,45366,68,873,885,918,46284
76,785,12,33,44727,76,861,873,906,45633
77,804,12,32,44649,77,881,893,925,45574
73,786,11,33,44600,73,859,870,903,45503
78,803,12,32,44312,78,881,893,925,45237
69,897,13,32,44815,69,966,979,1011,45826
72,803,13,34,44873,72,875,888,922,45795
70,801,13,32,44686,70,871,884,916,45602
73,811,14,33,45203,73,884,898,931,46134
77,787,11,31,45188,77,864,875,906,46094
72,816,14,32,46800,72,888,902,934,47734
73,795,12,30,45419,73,868,880,910,46329
72,784,11,33,44631,72,856,867,900,45531
78,779,11,32,44388,78,857,868,900,45288
68,789,13,32,45005,68,857,870,902,45907
69,793,12,32,45546,69,862,874,906,46452
76,890,15,31,44470,76,966,981,1012,45482
73,798,14,31,44749,73,871,885,916,45665
76,815,12,33,44706,76,891,903,936,45642
77,794,13,33,44773,77,871,884,917,45690
67,816,12,32,44781,67,883,895,927,45708
69,802,12,32,49879,69,871,883,915,50794
67,814,12,33,44388,67,881,893,926,45314
74,799,13,33,44761,74,873,886,919,45680
75,787,12,32,44962,75,862,874,906,45868
68,811,13,33,44602,68,879,892,925,45527
84,803,12,34,46288,84,887,899,933,47221
77,794,11,32,44677,77,871,882,914,45591
81,814,12,32,44663,81,895,907,939,45602
71,796,13,32,44541,71,867,880,912,45453
77,806,13,32,45530,77,883,896,928,46458
78,807,13,33,44482,78,885,898,931,45413
78,776,10,31,45008,78,854,864,895,45903
67,804,12,32,44353,67,871,883,915,45268
70,817,13,33,44437,70,887,900,933,45370
83,800,11,33,44339,83,883,894,927,45266
76,797,11,33,45157,76,873,884,917,46074
82,830,13,33,44673,82,912,925,958,45631
75,803,11,32,44404,75,878,889,921,45325
75,813,12,32,44380,75,888,900,932,45312
78,803,12,32,44536,78,881,893,925,45461
90,812,12,34,44418,90,902,914,948,45366
76,807,21,34,44691,76,883,904,938,45629
66,817,12,32,44574,66,883,895,927,45501
77,802,11,32,44287,77,879,890,922,45209
70,825,13,33,44246,70,895,908,941,45187
80,836,14,32,50384,80,916,930,962,51346
79,790,11,32,45347,79,869,880,912,46259
73,812,15,32,45586,73,885,900,932,46518
75,786,13,32,44538,75,861,874,906,45444
78,789,11,33,44325,78,867,878,911,45236
70,796,11,33,45494,70,866,877,910,46404
75,792,13,33,45367,75,867,880,913,46280
79,808,13,33,44554,79,887,900,933,45487
77,794,12,33,45429,77,871,883,916,46345
74,790,11,31,45392,74,864,875,906,46298
74,779,11,33,44655,74,853,864,897,45552
77,801,12,32,44358,77,878,890,922,45280
83,817,14,31,45213,83,900,914,945,46158
67,784,12,31,45316,67,851,863,894,46210
