args_parsing,module_init,preopen,landlock,running,args_parsing_c,module_init_c,preopen_c,landlock_c,running_c
69,806,11,18,44265,69,875,886,904,45169
61,807,11,17,44815,61,868,879,896,45711
67,823,12,17,44757,67,890,902,919,45676
64,819,12,18,44390,64,883,895,913,45303
68,819,11,17,48679,68,887,898,915,49594
58,811,12,18,50161,58,869,881,899,51060
71,808,12,17,44430,71,879,891,908,45338
60,815,12,18,44358,60,875,887,905,45263
61,822,11,19,44072,61,883,894,913,44985
63,805,60,18,44371,63,868,928,946,45317
60,819,12,18,44696,60,879,891,909,45605
57,820,11,17,44405,57,877,888,905,45310
71,818,12,18,44763,71,889,901,919,45682
69,852,13,18,44074,69,921,934,952,45026
61,803,11,18,44524,61,864,875,893,45417
65,811,11,20,45365,65,876,887,907,46272
64,794,10,19,44223,64,858,868,887,45110
70,835,12,17,44951,70,905,917,934,45885
64,829,11,19,44258,64,893,904,923,45181
64,821,11,17,44440,64,885,896,913,45353
64,813,12,17,45160,64,877,889,906,46066
60,801,11,17,44187,60,861,872,889,45076
64,821,11,17,44176,64,885,896,913,45089
60,803,10,16,44458,60,863,873,889,45347
67,805,10,18,44446,67,872,882,900,45346
59,817,12,16,45350,59,876,888,904,46254
65,829,13,17,44850,65,894,907,924,45774
63,829,12,17,44352,63,892,904,921,45273
69,815,12,17,45339,69,884,896,913,46252
62,827,12,18,44521,62,889,901,919,45440
63,813,12,18,50423,63,876,888,906,51329
68,819,12,17,44529,68,887,899,916,45445
67,810,11,17,45170,67,877,888,905,46075
63,796,10,21,45311,63,859,869,890,46201
61,811,11,17,44321,61,872,883,900,45221
63,807,12,17,44197,63,870,882,899,45096
60,817,11,17,44533,60,877,888,905,45438
65,818,12,18,44406,65,883,895,913,45319
60,802,12,16,44878,60,862,874,890,45768
72,805,11,18,44259,72,877,888,906,45165
68,796,12,17,44467,68,864,876,893,45360
60,803,12,16,44167,60,863,875,891,45058
60,805,12,17,44356,60,865,877,894,45250
77,814,11,17,44321,77,891,902,919,45240
66,826,14,20,45681,66,892,906,926,46607
60,801,14,27,44822,60,861,875,902,45724
60,809,11,107,44608,60,869,880,987,45595
68,827,13,18,44469,68,895,908,926,45395
69,819,15,22,44500,69,888,903,925,45425
59,811,13,17,45208,59,870,883,900,46108
74,804,11,17,45191,74,878,889,906,46097
68,797,11,17,44247,68,865,876,893,45140
76,811,13,18,45220,76,887,900,918,46138
71,880,13,18,44082,71,951,964,982,45064
68,807,11,17,45574,68,875,886,903,46477
64,810,12,17,50004,64,874,886,903,50907
66,823,12,18,44730,66,889,901,919,45649
61,799,10,17,46335,61,860,870,887,47222
72,813,12,18,44547,72,885,897,915,45462
65,824,12,20,45390,65,889,901,921,46311
58,821,11,17,44566,58,879,890,907,45473
74,804,10,18,45274,74,878,888,906,46180
73,800,10,17,45011,73,873,883,900,45911
58,811,11,17,47512,58,869,880,897,48409
70,815,11,17,44396,70,885,896,913,45309
67,797,11,16,45370,67,864,875,891,46261
72,882,11,18,44372,72,954,965,983,45355
62,824,13,18,45015,62,886,899,917,45932
65,802,10,21,44510,65,867,877,898,45408
66,818,12,22,45155,66,884,896,918,46073
60,830,12,18,44367,60,890,902,920,45287
71,804,11,18,44870,71,875,886,904,45774
59,801,11,17,44265,59,860,871,888,45153
67,802,10,17,44764,67,869,879,896,45660
68,817,12,17,44555,68,885,897,914,45469
66,812,11,20,44667,66,878,889,909,45576
72,809,11,18,44687,72,881,892,910,45597
65,812,12,18,44473,65,877,889,907,45380
66,795,11,20,44826,66,861,872,892,45718
65,806,10,18,44622,65,871,881,899,45521
65,818,12,18,49756,65,883,895,913,50669
63,811,11,17,44453,63,874,885,902,45355
64,814,11,18,45323,64,878,889,907,46230
59,803,11,18,44511,59,862,873,891,45402
68,792,12,18,44980,68,860,872,890,45870
59,805,12,18,45548,59,864,876,894,46442
59,800,13,18,45136,59,859,872,890,46026
64,819,10,21,44774,64,883,893,914,45688
65,809,11,17,52081,65,874,885,902,52983
59,805,11,17,44819,59,864,875,892,45711
69,821,11,17,44182,69,890,901,918,45100
64,829,11,18,44686,64,893,904,922,45608
63,817,11,18,44445,63,880,891,909,45354
60,824,12,17,44515,60,884,896,913,45428
70,808,11,17,45241,70,878,889,906,46147
99,829,11,18,44474,99,928,939,957,45431
68,813,11,19,44242,68,881,892,911,45153
67,819,13,16,45259,67,886,899,915,46174
60,896,14,17,44549,60,956,970,987,45536
59,808,12,17,44906,59,867,879,896,45802
