args_parsing,module_init,preopen,landlock,running,args_parsing_c,module_init_c,preopen_c,landlock_c,running_c
70,883,15,22,44398,70,953,968,990,45388
62,788,12,22,44421,62,850,862,884,45305
69,792,10,25,45346,69,861,871,896,46242
64,807,11,22,44598,64,871,882,904,45502
63,822,13,23,45908,63,885,898,921,46829
63,806,13,20,45373,63,869,882,902,46275
87,1004,20,24,45392,87,1091,1111,1135,46527
69,816,13,24,45119,69,885,898,922,46041
73,824,13,21,44381,73,897,910,931,45312
68,805,12,26,45932,68,873,885,911,46843
69,799,12,31,44567,69,868,880,911,45478
65,849,13,21,44567,65,914,927,948,45515
65,850,13,23,45509,65,915,928,951,46460
64,801,13,21,44294,64,865,878,899,45193
63,808,12,23,45605,63,871,883,906,46511
67,830,13,22,50169,67,897,910,932,51101
72,818,12,22,45829,72,890,902,924,46753
64,804,12,20,45334,64,868,880,900,46234
67,815,12,20,44210,67,882,894,914,45124
63,774,11,21,44952,63,837,848,869,45821
81,826,13,23,44618,81,907,920,943,45561
67,789,12,22,44540,67,856,868,890,45430
69,798,13,25,44632,69,867,880,905,45537
79,797,12,21,44352,79,876,888,909,45261
64,808,12,22,45491,64,872,884,906,46397
73,804,12,22,44740,73,877,889,911,45651
64,808,12,22,44615,64,872,884,906,45521
62,902,18,22,44247,62,964,982,1004,45251
69,799,12,22,45386,69,868,880,902,46288
68,810,12,21,44287,68,878,890,911,45198
65,789,11,21,44518,65,854,865,886,45404
68,783,10,20,45059,68,851,861,881,45940
70,788,12,22,44417,70,858,870,892,45309
65,810,12,23,45173,65,875,887,910,46083
64,788,12,22,44635,64,852,864,886,45521
68,796,12,21,45251,68,864,876,897,46148
76,811,11,22,44233,76,887,898,920,45153
67,810,12,25,44367,67,877,889,914,45281
68,786,12,20,44296,68,854,866,886,45182
81,814,12,22,44305,81,895,907,929,45234
65,810,12,21,51211,65,875,887,908,52119
69,801,12,22,45358,69,870,882,904,46262
75,802,12,22,44737,75,877,889,911,45648
71,843,12,23,45248,71,914,926,949,46197
70,822,12,23,44323,70,892,904,927,45250
63,810,11,22,45543,63,873,884,906,46449
64,828,14,22,45401,64,892,906,928,46329
70,809,12,25,45380,70,879,891,916,46296
64,813,13,21,44403,64,877,890,911,45314
67,782,10,21,44454,67,849,859,880,45334
63,806,11,22,44795,63,869,880,902,45697
72,793,12,21,45463,72,865,877,898,46361
65,810,12,21,44880,65,875,887,908,45788
66,797,12,25,44695,66,863,875,900,45595
65,794,11,20,45178,65,859,870,890,46068
62,800,13,22,44318,62,862,875,897,45215
72,813,11,25,44362,72,885,896,921,45283
65,824,13,21,44543,65,889,902,923,45466
71,818,12,23,44399,71,889,901,924,45323
68,797,22,21,44784,68,865,887,908,45692
74,805,12,23,44458,74,879,891,914,45372
71,790,11,22,45027,71,861,872,894,45921
63,797,11,21,44423,63,860,871,892,45315
78,804,12,21,44633,78,882,894,915,45548
71,829,14,23,46297,71,900,914,937,47234
101,796,12,21,50544,101,897,909,930,51474
95,818,12,23,44976,95,913,925,948,45924
72,805,14,21,45453,72,877,891,912,46365
69,803,12,21,44773,69,872,884,905,45678
61,783,12,21,44209,61,844,856,877,45086
64,871,12,21,45599,64,935,947,968,46567
63,818,13,21,44560,63,881,894,915,45475
69,813,12,20,55177,69,882,894,914,56091
70,797,12,25,44976,70,867,879,904,45880
72,815,13,22,45049,72,887,900,922,45971
76,790,10,22,44888,76,866,876,898,45786
69,799,12,24,44411,69,868,880,904,45315
68,792,12,20,45572,68,860,872,892,46464
67,836,15,22,45674,67,903,918,940,46614
138,796,12,21,44390,138,934,946,967,45357
83,805,11,21,44397,83,888,899,920,45317
68,820,12,22,44407,68,888,900,922,45329
87,799,11,22,44752,87,886,897,919,45671
66,806,11,22,45335,66,872,883,905,46240
75,796,11,23,44586,75,871,882,905,45491
69,811,12,23,44676,69,880,892,915,45591
62,816,14,22,44439,62,878,892,914,45353
74,805,12,22,44848,74,879,891,913,45761
74,818,13,21,44539,74,892,905,926,45465
67,810,12,22,44430,67,877,889,911,45341
75,811,13,22,50195,75,886,899,921,51116
65,822,12,21,44787,65,887,899,920,45707
79,781,12,21,44596,79,860,872,893,45489
69,792,11,24,44909,69,861,872,896,45805
77,821,12,22,44454,77,898,910,932,45386
70,824,12,26,44342,70,894,906,932,45274
73,807,11,22,44404,73,880,891,913,45317
71,821,13,23,44229,71,892,905,928,45157
69,822,12,25,44727,69,891,903,928,45655
70,826,12,24,45782,70,896,908,932,46714
