args_parsing,module_init,preopen,landlock,running,args_parsing_c,module_init_c,preopen_c,landlock_c,running_c
69,831,13,18,45736,69,900,913,931,46667
64,809,13,18,44640,64,873,886,904,45544
68,816,11,18,45008,68,884,895,913,45921
60,812,12,17,47641,60,872,884,901,48542
63,807,11,18,44442,63,870,881,899,45341
68,885,13,20,50013,68,953,966,986,50999
59,805,12,18,45462,59,864,876,894,46356
67,804,13,19,44918,67,871,884,903,45821
75,808,12,17,44433,75,883,895,912,45345
68,823,12,17,44332,68,891,903,920,45252
63,809,19,18,45534,63,872,891,909,46443
59,857,13,17,44529,59,916,929,946,45475
60,802,12,16,44675,60,862,874,890,45565
73,803,12,17,47188,73,876,888,905,48093
60,887,14,22,45590,60,947,961,983,46573
60,815,11,17,44338,60,875,886,903,45241
62,810,11,19,44347,62,872,883,902,45249
60,809,10,17,44737,60,869,879,896,45633
68,791,10,17,44159,68,859,869,886,45045
65,835,12,22,44463,65,900,912,934,45397
75,826,12,18,44649,75,901,913,931,45580
62,812,11,17,44347,62,874,885,902,45249
68,817,11,19,44782,68,885,896,915,45697
61,808,11,18,44403,61,869,880,898,45301
70,797,10,17,45321,70,867,877,894,46215
73,801,12,17,44113,73,874,886,903,45016
70,791,11,17,44302,70,861,872,889,45191
63,802,12,17,44550,63,865,877,894,45444
65,805,13,21,44646,65,870,883,904,45550
66,830,12,18,44624,66,896,908,926,45550
65,821,12,17,50917,65,886,898,915,51832
62,843,11,18,44797,62,905,916,934,45731
62,826,13,17,44481,62,888,901,918,45399
60,809,11,18,44653,60,869,880,898,45551
58,815,12,16,44107,58,873,885,901,45008
59,810,12,16,44382,59,869,881,897,45279
60,823,12,17,44667,60,883,895,912,45579
70,836,12,18,44816,70,906,918,936,45752
61,809,11,17,44258,61,870,881,898,45156
61,807,11,18,44654,61,868,879,897,45551
61,813,13,18,44275,61,874,887,905,45180
66,811,11,17,44684,66,877,888,905,45589
61,810,12,17,44669,61,871,883,900,45569
65,795,11,16,44477,65,860,871,887,45364
63,803,12,17,45397,63,866,878,895,46292
61,804,11,17,44739,61,865,876,893,45632
59,822,12,17,44829,59,881,893,910,45739
65,812,11,21,44360,65,877,888,909,45269
60,830,12,17,45186,60,890,902,919,46105
65,817,13,20,44791,65,882,895,915,45706
60,816,12,17,44291,60,876,888,905,45196
60,801,11,16,44099,60,861,872,888,44987
73,796,14,17,44461,73,869,883,900,45361
66,810,12,16,44318,66,876,888,904,45222
72,832,12,17,44273,72,904,916,933,45206
72,802,11,17,51129,72,874,885,902,52031
63,831,12,21,44303,63,894,906,927,45230
66,811,12,18,45562,66,877,889,907,46469
72,826,12,18,44471,72,898,910,928,45399
73,837,12,17,44799,73,910,922,939,45738
66,807,11,20,44353,66,873,884,904,45257
60,815,12,17,44498,60,875,887,904,45402
59,801,11,17,44804,59,860,871,888,45692
65,808,11,17,44113,65,873,884,901,45014
60,831,12,18,44644,60,891,903,921,45565
65,809,12,17,45750,65,874,886,903,46653
63,802,12,28,44349,63,865,877,905,45254
58,795,10,18,44126,58,853,863,881,45007
69,818,11,16,45168,69,887,898,914,46082
63,822,12,17,45879,63,885,897,914,46793
61,807,11,16,45257,61,868,879,895,46152
61,825,12,18,44450,61,886,898,916,45366
64,811,11,17,45296,64,875,886,903,46199
68,804,11,18,44309,68,872,883,901,45210
66,801,12,18,45434,66,867,879,897,46331
65,794,11,16,44308,65,859,870,886,45194
60,823,12,18,44625,60,883,895,913,45538
61,845,12,18,44361,61,906,918,936,45297
60,821,11,18,44637,60,881,892,910,45547
70,823,12,18,45809,70,893,905,923,46732
62,803,11,17,49952,62,865,876,893,50845
72,835,14,17,45409,72,907,921,938,46347
59,852,12,17,44957,59,911,923,940,45897
67,819,11,17,44416,67,886,897,914,45330
70,817,11,17,44934,70,887,898,915,45849
59,822,12,17,44660,59,881,893,910,45570
62,819,11,17,45295,62,881,892,909,46204
59,800,11,18,45373,59,859,870,888,46261
62,821,12,18,45245,62,883,895,913,46158
61,818,11,19,44700,61,879,890,909,45609
69,817,12,17,44322,69,886,898,915,45237
57,787,10,16,44174,57,844,854,870,45044
61,833,11,18,44494,61,894,905,923,45417
60,825,12,18,44605,60,885,897,915,45520
68,821,14,19,44648,68,889,903,922,45570
59,812,12,17,44269,59,871,883,900,45169
70,813,11,17,45292,70,883,894,911,46203
60,806,12,16,44804,60,866,878,894,45698
65,816,12,17,44401,65,881,893,910,45311
68,812,10,18,44638,68,880,890,908,45546
